2 1 0 0.01 1.72 0 5.17273e-06 3.7296e-07 12.5046 5.17273e-06 3.7296e-07 12.5046 0 0 0 0 0 0 
1 1 0 0.03 1.72 0 5.17273e-06 3.7296e-07 12.5046 5.17273e-06 3.7296e-07 12.5046 0.71653 0 0.432289 0 0.606531 0 
1 1 0 0.05 1.72 0 5.17273e-06 3.7296e-07 12.5046 5.17273e-06 3.7296e-07 12.5046 0.71653 0 0.432289 0 0.606531 0 
1 1 0 0.09 1.72 0 5.17273e-06 3.7296e-07 12.5046 5.17273e-06 3.7296e-07 12.5046 0.71653 0 0.432289 0 0.606531 0 
1 1 0 0.14 1.72 0 5.17273e-06 3.7296e-07 12.5046 5.17273e-06 3.7296e-07 12.5046 0.71653 0 0.432289 0 0.606531 0 
1 1 0 0.19 1.72 0 5.17273e-06 3.7296e-07 12.5046 5.17273e-06 3.7296e-07 12.5046 0.71653 0 0.432289 0 0.606531 0 
1 1 0 0.24 1.72 0 5.17273e-06 3.7296e-07 12.5046 5.17273e-06 3.7296e-07 12.5046 0.71653 0 0.432289 0 0.606531 0 
1 1 0 0.29 1.72 0 5.17273e-06 3.7296e-07 12.5046 5.17273e-06 3.7296e-07 12.5046 0.71653 0 0.432289 0 0.606531 0 
1 1 0 0.34 1.72 0 5.17273e-06 3.7296e-07 12.5046 5.17273e-06 3.7296e-07 12.5046 0.71653 0 0.432289 0 0.606531 0 
1 1 0 0.39 1.72 0 5.17273e-06 3.7296e-07 12.5046 5.17273e-06 3.7296e-07 12.5046 0.71653 0 0.432289 0 0.606531 0 
1 1 0 0.44 1.72 0 5.17273e-06 3.7296e-07 12.5046 5.17273e-06 3.7296e-07 12.5046 0.71653 0 0.432289 0 0.606531 0 
1 1 0 0.49 1.72 0 5.17273e-06 3.7296e-07 12.5046 5.17273e-06 3.7296e-07 12.5046 0.71653 0 0.432289 0 0.606531 0 
1 1 0 0.54 1.72 0 5.17273e-06 3.7296e-07 12.5046 5.17273e-06 3.7296e-07 12.5046 0.71653 0 0.432289 0 0.606531 0 
1 1 0 0.59 1.72 0 5.17273e-06 3.7296e-07 12.5046 5.17273e-06 3.7296e-07 12.5046 0.71653 0 0.432289 0 0.606531 0 
1 1 0 0.64 1.72 0 5.17273e-06 3.7296e-07 12.5046 5.17273e-06 3.7296e-07 12.5046 0.71653 0 0.432289 0 0.606531 0 
1 1 0 0.69 1.72 0 5.17273e-06 3.7296e-07 12.5046 5.17273e-06 3.7296e-07 12.5046 0.71653 0 0.432289 0 0.606531 0 
1 1 0 0.74 1.72 0 5.17273e-06 3.7296e-07 12.5046 5.17273e-06 3.7296e-07 12.5046 0.71653 0 0.432289 0 0.606531 0 
1 1 0 0.79 1.72 0 5.17273e-06 3.7296e-07 12.5046 5.17273e-06 3.7296e-07 12.5046 0.71653 0 0.432289 0 0.606531 0 
1 1 0 0.84 1.72 0 5.17273e-06 3.7296e-07 12.5046 5.17273e-06 3.7296e-07 12.5046 0.71653 0 0.432289 0 0.606531 0 
1 1 0 0.89 1.72 0 5.17273e-06 3.7296e-07 12.5046 5.17273e-06 3.7296e-07 12.5046 0.71653 0 0.432289 0 0.606531 0 
1 1 0 0.94 1.72 0 5.17273e-06 3.7296e-07 12.5046 5.17273e-06 3.7296e-07 12.5046 0.71653 0 0.432289 0 0.606531 0 
1 1 0 0.99 1.72 0 5.17273e-06 3.7296e-07 12.5046 5.17273e-06 3.7296e-07 12.5046 0.71653 0 0.432289 0 0.606531 0 
1 1 0 1.04 1.72 0 5.17273e-06 3.7296e-07 12.5046 5.17273e-06 3.7296e-07 12.5046 0.71653 0 0.432289 0 0.606531 0 
1 1 0 1.09 1.72 0 5.17273e-06 3.7296e-07 12.5046 5.17273e-06 3.7296e-07 12.5046 0.71653 0 0.432289 0 0.606531 0 
1 1 0 1.14 1.72 0 5.17273e-06 3.7296e-07 12.5046 5.17273e-06 3.7296e-07 12.5046 0.71653 0 0.432289 0 0.606531 0 
1 1 0 1.19 1.72 0 5.17273e-06 3.7296e-07 12.5046 5.17273e-06 3.7296e-07 12.5046 0.71653 0 0.432289 0 0.606531 0 
1 1 0 1.24 1.72 0 5.17273e-06 3.7296e-07 12.5046 5.17273e-06 3.7296e-07 12.5046 0.71653 0 0.432289 0 0.606531 0 
1 1 0 1.29 1.72 0 5.17273e-06 3.7296e-07 12.5046 5.17273e-06 3.7296e-07 12.5046 0.71653 0 0.432289 0 0.606531 0 
1 1 0 1.34 1.72 0 5.17273e-06 3.7296e-07 12.5046 5.17273e-06 3.7296e-07 12.5046 0.71653 0 0.432289 0 0.606531 0 
1 1 0 1.39 1.72 0 5.17273e-06 3.7296e-07 12.5046 5.17273e-06 3.7296e-07 12.5046 0.71653 0 0.432289 0 0.606531 0 
1 1 0 1.44 1.72 0 5.17273e-06 3.7296e-07 12.5046 5.17273e-06 3.7296e-07 12.5046 0.71653 0 0.432289 0 0.606531 0 
1 1 0 1.49 1.72 0 5.17273e-06 3.7296e-07 12.5046 5.17273e-06 3.7296e-07 12.5046 0.71653 0 0.432289 0 0.606531 0 
1 1 0 1.54 1.72 0 5.17273e-06 3.7296e-07 12.5046 5.17273e-06 3.7296e-07 12.5046 0.71653 0 0.432289 0 0.606531 0 
1 1 0 1.59 1.72 0 5.17273e-06 3.7296e-07 12.5046 5.17273e-06 3.7296e-07 12.5046 0.71653 0 0.432289 0 0.606531 0 
1 1 0 1.64 1.72 0 5.17273e-06 3.7296e-07 12.5046 5.17273e-06 3.7296e-07 12.5046 0.71653 0 0.432289 0 0.606531 0 
1 1 0 1.69 1.72 0 5.17273e-06 3.7296e-07 12.5046 5.17273e-06 3.7296e-07 12.5046 0.71653 0 0.432289 0 0.606531 0 
1 1 0 1.74 1.72 0 5.17273e-06 3.7296e-07 12.5046 5.17273e-06 3.7296e-07 12.5046 0.71653 0 0.432289 0 0.606531 0 
1 1 0 1.79 1.72 0 5.17273e-06 3.7296e-07 12.5046 5.17273e-06 3.7296e-07 12.5046 0.71653 0 0.432289 0 0.606531 0 
1 1 0 1.84 1.72 0 5.17273e-06 3.7296e-07 12.5046 5.17273e-06 3.7296e-07 12.5046 0.71653 0 0.432289 0 0.606531 0 
1 1 0 1.89 1.72 0 5.17273e-06 3.7296e-07 12.5046 5.17273e-06 3.7296e-07 12.5046 0.71653 0 0.432289 0 0.606531 0 
1 1 0 1.94 1.72 0 5.17273e-06 3.7296e-07 12.5046 5.17273e-06 3.7296e-07 12.5046 0.71653 0 0.432289 0 0.606531 0 
1 1 0 1.99 1.72 0 5.17273e-06 3.7296e-07 12.5046 5.17273e-06 3.7296e-07 12.5046 0.71653 0 0.432289 0 0.606531 0 
1 1 0 2.04 1.72 0 5.17273e-06 3.7296e-07 12.5046 5.17273e-06 3.7296e-07 12.5046 0.71653 0 0.432289 0 0.606531 0 
1 1 0 2.09 1.72 0 5.17273e-06 3.7296e-07 12.5046 5.17273e-06 3.7296e-07 12.5046 0.71653 0 0.432289 0 0.606531 0 
1 1 0 2.14 1.72 0 5.17273e-06 3.7296e-07 12.5046 5.17273e-06 3.7296e-07 12.5046 0.71653 0 0.432289 0 0.606531 0 
1 1 0 2.19 1.72 0 5.17273e-06 3.7296e-07 12.5046 5.17273e-06 3.7296e-07 12.5046 0.71653 0 0.432289 0 0.606531 0 
1 1 0 2.24 1.72 0 5.17272e-06 3.7296e-07 12.5046 5.17272e-06 3.7296e-07 12.5046 0.71653 0 0.432289 0 0.606531 0 
1 1 0 2.29 1.72 0 5.17272e-06 3.7296e-07 12.5046 5.17272e-06 3.7296e-07 12.5046 0.71653 0 0.432289 0 0.606531 0 
1 1 0 2.34 1.72 0 5.17272e-06 3.7296e-07 12.5046 5.17272e-06 3.7296e-07 12.5046 0.71653 0 0.432289 0 0.606531 0 
1 1 0 2.39 1.72 0 5.17272e-06 3.7296e-07 12.5046 5.17272e-06 3.7296e-07 12.5046 0.71653 0 0.432289 0 0.606531 0 
1 1 0 2.44 1.72 0 5.17272e-06 3.7296e-07 12.5046 5.17272e-06 3.7296e-07 12.5046 0.71653 0 0.432289 0 0.606531 0 
1 1 0 2.49 1.72 0 5.17272e-06 3.7296e-07 12.5046 5.17272e-06 3.7296e-07 12.5046 0.71653 0 0.432289 0 0.606531 0 
1 1 0 2.54 1.72 0 5.17272e-06 3.7296e-07 12.5046 5.17272e-06 3.7296e-07 12.5046 0.71653 0 0.432289 0 0.606531 0 
1 1 0 2.59 1.72 0 5.17272e-06 3.7296e-07 12.5046 5.17272e-06 3.7296e-07 12.5046 0.71653 0 0.432289 0 0.606531 0 
1 1 0 2.64 1.72 0 5.17272e-06 3.7296e-07 12.5046 5.17272e-06 3.7296e-07 12.5046 0.71653 0 0.432289 0 0.606531 0 
1 1 0 2.69 1.72 0 5.17272e-06 3.7296e-07 12.5046 5.17272e-06 3.7296e-07 12.5046 0.71653 0 0.432289 0 0.606531 0 
1 1 0 2.74 1.72 0 5.17272e-06 3.7296e-07 12.5046 5.17272e-06 3.7296e-07 12.5046 0.71653 0 0.432289 0 0.606531 0 
1 1 0 2.79 1.72 0 5.17272e-06 3.7296e-07 12.5046 5.17272e-06 3.7296e-07 12.5046 0.71653 0 0.432289 0 0.606531 0 
1 1 0 2.84 1.72 0 5.17272e-06 3.7296e-07 12.5046 5.17272e-06 3.7296e-07 12.5046 0.71653 0 0.432289 0 0.606531 0 
1 1 0 2.89 1.72 0 5.17272e-06 3.7296e-07 12.5046 5.17272e-06 3.7296e-07 12.5046 0.71653 0 0.432289 0 0.606531 0 
1 1 0 2.94 1.72 0 5.17272e-06 3.7296e-07 12.5046 5.17272e-06 3.7296e-07 12.5046 0.71653 0 0.432289 0 0.606531 0 
1 1 0 2.99 1.72 0 5.17272e-06 3.7296e-07 12.5046 5.17272e-06 3.7296e-07 12.5046 0.71653 0 0.432289 0 0.606531 0 
1 1 0 3.04 1.72 0 5.17272e-06 3.7296e-07 12.5046 5.17272e-06 3.7296e-07 12.5046 0.71653 0 0.432289 0 0.606531 0 
1 1 0 3.09 1.72 0 5.17272e-06 3.7296e-07 12.5046 5.17272e-06 3.7296e-07 12.5046 0.71653 0 0.432289 0 0.606531 0 
1 1 0 3.14 1.72 0 5.17272e-06 3.7296e-07 12.5046 5.17272e-06 3.7296e-07 12.5046 0.71653 0 0.432289 0 0.606531 0 
1 1 0 3.19 1.72 0 5.17272e-06 3.7296e-07 12.5046 5.17272e-06 3.7296e-07 12.5046 0.71653 0 0.432289 0 0.606531 0 
1 1 0 3.24 1.72 0 5.17272e-06 3.7296e-07 12.5046 5.17272e-06 3.7296e-07 12.5046 0.71653 0 0.432289 0 0.606531 0 
1 1 0 3.29 1.72 0 5.17272e-06 3.7296e-07 12.5046 5.17272e-06 3.7296e-07 12.5046 0.71653 0 0.432289 0 0.606531 0 
1 1 0 3.34 1.72 0 5.17272e-06 3.7296e-07 12.5046 5.17272e-06 3.7296e-07 12.5046 0.71653 0 0.432289 0 0.606531 0 
1 1 0 3.39 1.72 0 5.17272e-06 3.7296e-07 12.5046 5.17272e-06 3.7296e-07 12.5046 0.71653 0 0.432289 0 0.606531 0 
1 1 0 3.44 1.72 0 5.17272e-06 3.7296e-07 12.5046 5.17272e-06 3.7296e-07 12.5046 0.71653 0 0.432289 0 0.606531 0 
1 1 0 3.49 1.72 0 5.17272e-06 3.7296e-07 12.5046 5.17272e-06 3.7296e-07 12.5046 0.71653 0 0.432289 0 0.606531 0 
1 1 0 3.54 1.72 0 5.17272e-06 3.7296e-07 12.5046 5.17272e-06 3.7296e-07 12.5046 0.71653 0 0.432289 0 0.606531 0 
1 1 0 3.59 1.72 0 5.17272e-06 3.7296e-07 12.5046 5.17272e-06 3.7296e-07 12.5046 0.71653 0 0.432289 0 0.606531 0 
1 1 0 3.64 1.72 0 5.17272e-06 3.7296e-07 12.5046 5.17272e-06 3.7296e-07 12.5046 0.71653 0 0.432289 0 0.606531 0 
1 1 0 3.69 1.72 0 5.17272e-06 3.7296e-07 12.5046 5.17272e-06 3.7296e-07 12.5046 0.71653 0 0.432289 0 0.606531 0 
1 1 0 3.74 1.72 0 5.17272e-06 3.7296e-07 12.5046 5.17272e-06 3.7296e-07 12.5046 0.71653 0 0.432289 0 0.606531 0 
1 1 0 3.79 1.72 0 5.17272e-06 3.7296e-07 12.5046 5.17272e-06 3.7296e-07 12.5046 0.71653 0 0.432289 0 0.606531 0 
1 1 0 3.84 1.72 0 5.17272e-06 3.7296e-07 12.5046 5.17272e-06 3.7296e-07 12.5046 0.71653 0 0.432289 0 0.606531 0 
1 1 0 3.89 1.72 0 5.17272e-06 3.7296e-07 12.5046 5.17272e-06 3.7296e-07 12.5046 0.71653 0 0.432289 0 0.606531 0 
1 1 0 3.94 1.72 0 5.17272e-06 3.7296e-07 12.5046 5.17272e-06 3.7296e-07 12.5046 0.71653 0 0.432289 0 0.606531 0 
1 1 0 3.99 1.72 0 5.17272e-06 3.7296e-07 12.5046 5.17272e-06 3.7296e-07 12.5046 0.71653 0 0.432289 0 0.606531 0 
1 1 0 4.04 1.72 0 5.17272e-06 3.7296e-07 12.5046 5.17272e-06 3.7296e-07 12.5046 0.71653 0 0.432289 0 0.606531 0 
1 1 0 4.09 1.72 0 5.17272e-06 3.7296e-07 12.5046 5.17272e-06 3.7296e-07 12.5046 0.71653 0 0.432289 0 0.606531 0 
1 1 0 4.14 1.72 0 5.17272e-06 3.7296e-07 12.5046 5.17272e-06 3.7296e-07 12.5046 0.71653 0 0.432289 0 0.606531 0 
1 1 0 4.19 1.72 0 5.17272e-06 3.7296e-07 12.5046 5.17272e-06 3.7296e-07 12.5046 0.71653 0 0.432289 0 0.606531 0 
1 1 0 4.24 1.72 0 5.17272e-06 3.7296e-07 12.5046 5.17272e-06 3.7296e-07 12.5046 0.71653 0 0.432289 0 0.606531 0 
1 1 0 4.29 1.72 0 5.17272e-06 3.7296e-07 12.5046 5.17272e-06 3.7296e-07 12.5046 0.71653 0 0.432289 0 0.606531 0 
1 1 0 4.34 1.72 0 5.17272e-06 3.7296e-07 12.5046 5.17272e-06 3.7296e-07 12.5046 0.71653 0 0.432289 0 0.606531 0 
1 1 0 4.39 1.72 0 5.17272e-06 3.7296e-07 12.5046 5.17272e-06 3.7296e-07 12.5046 0.71653 0 0.432289 0 0.606531 0 
1 1 0 4.44 1.72 0 5.17272e-06 3.7296e-07 12.5046 5.17272e-06 3.7296e-07 12.5046 0.71653 0 0.432289 0 0.606531 0 
1 1 0 4.49 1.72 0 5.17272e-06 3.7296e-07 12.5046 5.17272e-06 3.7296e-07 12.5046 0.71653 0 0.432289 0 0.606531 0 
1 1 0 4.54 1.72 0 5.17272e-06 3.7296e-07 12.5046 5.17272e-06 3.7296e-07 12.5046 0.71653 0 0.432289 0 0.606531 0 
1 1 0 4.59 1.72 0 5.17272e-06 3.7296e-07 12.5046 5.17272e-06 3.7296e-07 12.5046 0.71653 0 0.432289 0 0.606531 0 
1 1 0 4.64 1.72 0 5.17272e-06 3.7296e-07 12.5046 5.17272e-06 3.7296e-07 12.5046 0.71653 0 0.432289 0 0.606531 0 
1 1 0 4.69 1.72 0 5.17272e-06 3.7296e-07 12.5046 5.17272e-06 3.7296e-07 12.5046 0.71653 0 0.432289 0 0.606531 0 
1 1 0 4.74 1.72 0 5.17272e-06 3.7296e-07 12.5046 5.17272e-06 3.7296e-07 12.5046 0.71653 0 0.432289 0 0.606531 0 
1 1 0 4.79 1.72 0 5.17272e-06 3.7296e-07 12.5046 5.17272e-06 3.7296e-07 12.5046 0.71653 0 0.432289 0 0.606531 0 
1 1 0 4.84 1.72 0 5.17272e-06 3.7296e-07 12.5046 5.17272e-06 3.7296e-07 12.5046 0.71653 0 0.432289 0 0.606531 0 
1 1 0 4.89 1.72 0 5.17272e-06 3.7296e-07 12.5046 5.17272e-06 3.7296e-07 12.5046 0.71653 0 0.432289 0 0.606531 0 
1 1 0 4.94 1.72 0 5.17272e-06 3.7296e-07 12.5046 5.17272e-06 3.7296e-07 12.5046 0.71653 0 0.432289 0 0.606531 0 
1 1 0 4.99 1.72 0 5.17272e-06 3.7296e-07 12.5046 5.17272e-06 3.7296e-07 12.5046 0.71653 0 0.432289 0 0.606531 0 
1 1 0 5.04 1.72 0 5.17272e-06 3.7296e-07 12.5046 5.17272e-06 3.7296e-07 12.5046 0.71653 0 0.432289 0 0.606531 0 
1 1 0 5.09 1.72 0 5.17272e-06 3.7296e-07 12.5046 5.17272e-06 3.7296e-07 12.5046 0.71653 0 0.432289 0 0.606531 0 
1 1 0 5.14 1.72 0 5.17272e-06 3.7296e-07 12.5046 5.17272e-06 3.7296e-07 12.5046 0.71653 0 0.432289 0 0.606531 0 
1 1 0 5.19 1.72 0 5.17272e-06 3.7296e-07 12.5046 5.17272e-06 3.7296e-07 12.5046 0.71653 0 0.432289 0 0.606531 0 
1 1 0 5.24 1.72 0 5.17272e-06 3.7296e-07 12.5046 5.17272e-06 3.7296e-07 12.5046 0.71653 0 0.432289 0 0.606531 0 
1 1 0 5.29 1.72 0 5.17272e-06 3.7296e-07 12.5046 5.17272e-06 3.7296e-07 12.5046 0.71653 0 0.432289 0 0.606531 0 
1 1 0 5.34 1.72 0 5.17272e-06 3.7296e-07 12.5046 5.17272e-06 3.7296e-07 12.5046 0.71653 0 0.432289 0 0.606531 0 
1 1 0 5.39 1.72 0 5.17272e-06 3.7296e-07 12.5046 5.17272e-06 3.7296e-07 12.5046 0.71653 0 0.432289 0 0.606531 0 
1 1 0 5.44 1.72 0 5.17272e-06 3.7296e-07 12.5046 5.17272e-06 3.7296e-07 12.5046 0.71653 0 0.432289 0 0.606531 0 
1 1 0 5.49 1.72 0 5.17272e-06 3.7296e-07 12.5046 5.17272e-06 3.7296e-07 12.5046 0.71653 0 0.432289 0 0.606531 0 
1 1 0 5.54 1.72 0 5.17272e-06 3.7296e-07 12.5046 5.17272e-06 3.7296e-07 12.5046 0.71653 0 0.432289 0 0.606531 0 
1 1 0 5.59 1.72 0 5.17272e-06 3.7296e-07 12.5046 5.17272e-06 3.7296e-07 12.5046 0.71653 0 0.432289 0 0.606531 0 
1 1 0 5.64 1.72 0 5.17272e-06 3.7296e-07 12.5046 5.17272e-06 3.7296e-07 12.5046 0.71653 0 0.432289 0 0.606531 0 
1 1 0 5.69 1.72 0 5.17272e-06 3.7296e-07 12.5046 5.17272e-06 3.7296e-07 12.5046 0.71653 0 0.432289 0 0.606531 0 
1 1 0 5.74 1.72 0 5.17272e-06 3.7296e-07 12.5046 5.17272e-06 3.7296e-07 12.5046 0.71653 0 0.432289 0 0.606531 0 
1 1 0 5.79 1.72 0 5.17272e-06 3.7296e-07 12.5046 5.17272e-06 3.7296e-07 12.5046 0.71653 0 0.432289 0 0.606531 0 
1 1 0 5.84 1.72 0 5.17272e-06 3.7296e-07 12.5046 5.17272e-06 3.7296e-07 12.5046 0.71653 0 0.432289 0 0.606531 0 
1 1 0 5.89 1.72 0 5.17272e-06 3.7296e-07 12.5046 5.17272e-06 3.7296e-07 12.5046 0.71653 0 0.432289 0 0.606531 0 
1 1 0 5.94 1.72 0 5.17272e-06 3.7296e-07 12.5046 5.17272e-06 3.7296e-07 12.5046 0.71653 0 0.432289 0 0.606531 0 
1 1 0 5.99 1.72 0 5.17272e-06 3.7296e-07 12.5046 5.17272e-06 3.7296e-07 12.5046 0.71653 0 0.432289 0 0.606531 0 
1 1 0 6.04 1.72 0 5.17272e-06 3.7296e-07 12.5046 5.17272e-06 3.7296e-07 12.5046 0.71653 0 0.432289 0 0.606531 0 
1 1 0 6.09 1.72 0 5.17272e-06 3.7296e-07 12.5046 5.17272e-06 3.7296e-07 12.5046 0.71653 0 0.432289 0 0.606531 0 
1 1 0 6.14 1.72 0 5.17272e-06 3.7296e-07 12.5046 5.17272e-06 3.7296e-07 12.5046 0.71653 0 0.432289 0 0.606531 0 
1 1 0 6.19 1.72 0 5.17272e-06 3.7296e-07 12.5046 5.17272e-06 3.7296e-07 12.5046 0.71653 0 0.432289 0 0.606531 0 
1 1 0 6.24 1.72 0 5.17272e-06 3.7296e-07 12.5046 5.17272e-06 3.7296e-07 12.5046 0.71653 0 0.432289 0 0.606531 0 
1 1 0 6.29 1.72 0 5.17272e-06 3.7296e-07 12.5046 5.17272e-06 3.7296e-07 12.5046 0.71653 0 0.432289 0 0.606531 0 
1 1 0 6.34 1.72 0 5.17272e-06 3.7296e-07 12.5046 5.17272e-06 3.7296e-07 12.5046 0.71653 0 0.432289 0 0.606531 0 
1 1 0 6.39 1.72 0 5.17272e-06 3.7296e-07 12.5046 5.17272e-06 3.7296e-07 12.5046 0.71653 0 0.432289 0 0.606531 0 
1 1 0 6.44 1.72 0 5.17272e-06 3.7296e-07 12.5046 5.17272e-06 3.7296e-07 12.5046 0.71653 0 0.432289 0 0.606531 0 
1 1 0 6.49 1.72 0 5.17272e-06 3.7296e-07 12.5046 5.17272e-06 3.7296e-07 12.5046 0.71653 0 0.432289 0 0.606531 0 
1 1 0 6.54 1.72 0 5.17272e-06 3.7296e-07 12.5046 5.17272e-06 3.7296e-07 12.5046 0.71653 0 0.432289 0 0.606531 0 
1 1 0 6.59 1.72 0 5.17272e-06 3.7296e-07 12.5046 5.17272e-06 3.7296e-07 12.5046 0.71653 0 0.432289 0 0.606531 0 
1 1 0 6.64 1.72 0 5.17272e-06 3.7296e-07 12.5046 5.17272e-06 3.7296e-07 12.5046 0.71653 0 0.432289 0 0.606531 0 
1 1 0 6.69 1.72 0 5.17272e-06 3.7296e-07 12.5046 5.17272e-06 3.7296e-07 12.5046 0.71653 0 0.432289 0 0.606531 0 
1 1 0 6.74 1.72 0 5.17272e-06 3.7296e-07 12.5046 5.17272e-06 3.7296e-07 12.5046 0.71653 0 0.432289 0 0.606531 0 
1 1 0 6.79 1.72 0 5.17272e-06 3.7296e-07 12.5046 5.17272e-06 3.7296e-07 12.5046 0.71653 0 0.432289 0 0.606531 0 
1 1 0 6.84 1.72 0 5.17272e-06 3.7296e-07 12.5046 5.17272e-06 3.7296e-07 12.5046 0.71653 0 0.432289 0 0.606531 0 
1 1 0 6.89 1.72 0 5.17272e-06 3.7296e-07 12.5046 5.17272e-06 3.7296e-07 12.5046 0.71653 0 0.432289 0 0.606531 0 
1 1 0 6.94 1.72 0 5.17272e-06 3.7296e-07 12.5046 5.17272e-06 3.7296e-07 12.5046 0.71653 0 0.432289 0 0.606531 0 
1 1 0 6.99 1.72 0 5.17272e-06 3.7296e-07 12.5046 5.17272e-06 3.7296e-07 12.5046 0.71653 0 0.432289 0 0.606531 0 
1 1 0 7.04 1.72 0 5.17272e-06 3.7296e-07 12.5046 5.17272e-06 3.7296e-07 12.5046 0.71653 0 0.432289 0 0.606531 0 
1 1 0 7.09 1.72 0 5.17272e-06 3.7296e-07 12.5046 5.17272e-06 3.7296e-07 12.5046 0.71653 0 0.432289 0 0.606531 0 
1 1 0 7.14 1.72 0 5.17272e-06 3.7296e-07 12.5046 5.17272e-06 3.7296e-07 12.5046 0.71653 0 0.432289 0 0.606531 0 
1 1 0 7.19 1.72 0 5.17272e-06 3.7296e-07 12.5046 5.17272e-06 3.7296e-07 12.5046 0.71653 0 0.432289 0 0.606531 0 
1 1 0 7.24 1.72 0 5.17272e-06 3.7296e-07 12.5046 5.17272e-06 3.7296e-07 12.5046 0.71653 0 0.432289 0 0.606531 0 
1 1 0 7.29 1.72 0 5.17272e-06 3.7296e-07 12.5046 5.17272e-06 3.7296e-07 12.5046 0.71653 0 0.432289 0 0.606531 0 
1 1 0 7.34 1.72 0 5.17272e-06 3.7296e-07 12.5046 5.17272e-06 3.7296e-07 12.5046 0.71653 0 0.432289 0 0.606531 0 
1 1 0 7.39 1.72 0 5.17272e-06 3.7296e-07 12.5046 5.17272e-06 3.7296e-07 12.5046 0.71653 0 0.432289 0 0.606531 0 
1 1 0 7.44 1.72 0 5.17272e-06 3.7296e-07 12.5046 5.17272e-06 3.7296e-07 12.5046 0.71653 0 0.432289 0 0.606531 0 
1 1 0 7.49 1.72 0 5.17272e-06 3.7296e-07 12.5046 5.17272e-06 3.7296e-07 12.5046 0.71653 0 0.432289 0 0.606531 0 
1 1 0 7.54 1.72 0 5.17272e-06 3.7296e-07 12.5046 5.17272e-06 3.7296e-07 12.5046 0.71653 0 0.432289 0 0.606531 0 
1 1 0 7.59 1.72 0 5.17272e-06 3.7296e-07 12.5046 5.17272e-06 3.7296e-07 12.5046 0.71653 0 0.432289 0 0.606531 0 
1 1 0 7.64 1.72 0 5.17272e-06 3.7296e-07 12.5046 5.17272e-06 3.7296e-07 12.5046 0.71653 0 0.432289 0 0.606531 0 
1 1 0 7.69 1.72 0 5.17272e-06 3.7296e-07 12.5046 5.17272e-06 3.7296e-07 12.5046 0.71653 0 0.432289 0 0.606531 0 
1 1 0 7.74 1.72 0 5.17272e-06 3.7296e-07 12.5046 5.17272e-06 3.7296e-07 12.5046 0.71653 0 0.432289 0 0.606531 0 
1 1 0 7.79 1.72 0 5.17272e-06 3.7296e-07 12.5046 5.17272e-06 3.7296e-07 12.5046 0.71653 0 0.432289 0 0.606531 0 
1 1 0 7.84 1.72 0 5.17272e-06 3.7296e-07 12.5046 5.17272e-06 3.7296e-07 12.5046 0.71653 0 0.432289 0 0.606531 0 
1 1 0 7.89 1.72 0 5.17272e-06 3.7296e-07 12.5046 5.17272e-06 3.7296e-07 12.5046 0.71653 0 0.432289 0 0.606531 0 
1 1 0 7.94 1.72 0 5.17272e-06 3.7296e-07 12.5046 5.17272e-06 3.7296e-07 12.5046 0.71653 0 0.432289 0 0.606531 0 
1 1 0 7.99 1.72 0 5.17272e-06 3.7296e-07 12.5046 5.17272e-06 3.7296e-07 12.5046 0.71653 0 0.432289 0 0.606531 0 
1 1 0 8.04 1.72 0 5.17272e-06 3.7296e-07 12.5046 5.17272e-06 3.7296e-07 12.5046 0.71653 0 0.432289 0 0.606531 0 
1 1 0 8.09 1.72 0 5.17272e-06 3.7296e-07 12.5046 5.17272e-06 3.7296e-07 12.5046 0.71653 0 0.432289 0 0.606531 0 
1 1 0 8.14 1.72 0 5.17272e-06 3.7296e-07 12.5046 5.17272e-06 3.7296e-07 12.5046 0.71653 0 0.432289 0 0.606531 0 
1 1 0 8.19 1.72 0 5.17272e-06 3.7296e-07 12.5046 5.17272e-06 3.7296e-07 12.5046 0.71653 0 0.432289 0 0.606531 0 
1 1 0 8.24 1.72 0 5.17272e-06 3.7296e-07 12.5046 5.17272e-06 3.7296e-07 12.5046 0.71653 0 0.432289 0 0.606531 0 
1 1 0 8.29 1.72 0 5.17272e-06 3.7296e-07 12.5046 5.17272e-06 3.7296e-07 12.5046 0.71653 0 0.432289 0 0.606531 0 
1 1 0 8.34 1.72 0 5.17272e-06 3.7296e-07 12.5046 5.17272e-06 3.7296e-07 12.5046 0.71653 0 0.432289 0 0.606531 0 
1 1 0 8.39 1.72 0 5.17272e-06 3.7296e-07 12.5046 5.17272e-06 3.7296e-07 12.5046 0.71653 0 0.432289 0 0.606531 0 
1 1 0 8.44 1.72 0 5.17272e-06 3.7296e-07 12.5046 5.17272e-06 3.7296e-07 12.5046 0.71653 0 0.432289 0 0.606531 0 
1 1 0 8.49 1.72 0 5.17272e-06 3.7296e-07 12.5046 5.17272e-06 3.7296e-07 12.5046 0.71653 0 0.432289 0 0.606531 0 
1 1 0 8.54 1.72 0 5.17272e-06 3.7296e-07 12.5046 5.17272e-06 3.7296e-07 12.5046 0.71653 0 0.432289 0 0.606531 0 
1 1 0 8.59 1.72 0 5.17272e-06 3.7296e-07 12.5046 5.17272e-06 3.7296e-07 12.5046 0.71653 0 0.432289 0 0.606531 0 
1 1 0 8.64 1.72 0 5.17272e-06 3.7296e-07 12.5046 5.17272e-06 3.7296e-07 12.5046 0.71653 0 0.432289 0 0.606531 0 
1 1 0 8.69 1.72 0 5.17272e-06 3.7296e-07 12.5046 5.17272e-06 3.7296e-07 12.5046 0.71653 0 0.432289 0 0.606531 0 
1 1 0 8.74 1.72 0 5.17272e-06 3.7296e-07 12.5046 5.17272e-06 3.7296e-07 12.5046 0.71653 0 0.432289 0 0.606531 0 
1 1 0 8.79 1.72 0 5.17272e-06 3.7296e-07 12.5046 5.17272e-06 3.7296e-07 12.5046 0.71653 0 0.432289 0 0.606531 0 
1 1 0 8.84 1.72 0 5.17272e-06 3.7296e-07 12.5046 5.17272e-06 3.7296e-07 12.5046 0.71653 0 0.432289 0 0.606531 0 
1 1 0 8.89 1.72 0 5.17272e-06 3.7296e-07 12.5046 5.17272e-06 3.7296e-07 12.5046 0.71653 0 0.432289 0 0.606531 0 
1 1 0 8.94 1.72 0 5.17272e-06 3.7296e-07 12.5046 5.17272e-06 3.7296e-07 12.5046 0.71653 0 0.432289 0 0.606531 0 
1 1 0 8.99 1.72 0 5.17272e-06 3.7296e-07 12.5046 5.17272e-06 3.7296e-07 12.5046 0.71653 0 0.432289 0 0.606531 0 
1 1 0 9.04 1.72 0 5.17272e-06 3.7296e-07 12.5046 5.17272e-06 3.7296e-07 12.5046 0.71653 0 0.432289 0 0.606531 0 
1 1 0 9.09 1.72 0 5.17272e-06 3.7296e-07 12.5046 5.17272e-06 3.7296e-07 12.5046 0.71653 0 0.432289 0 0.606531 0 
1 1 0 9.14 1.72 0 5.17272e-06 3.7296e-07 12.5046 5.17272e-06 3.7296e-07 12.5046 0.71653 0 0.432289 0 0.606531 0 
1 1 0 9.19 1.72 0 5.17272e-06 3.7296e-07 12.5046 5.17272e-06 3.7296e-07 12.5046 0.71653 0 0.432289 0 0.606531 0 
1 1 0 9.24 1.72 0 5.17272e-06 3.7296e-07 12.5046 5.17272e-06 3.7296e-07 12.5046 0.71653 0 0.432289 0 0.606531 0 
1 1 0 9.29 1.72 0 5.17272e-06 3.7296e-07 12.5046 5.17272e-06 3.7296e-07 12.5046 0.71653 0 0.432289 0 0.606531 0 
1 1 0 9.34 1.72 0 5.17272e-06 3.7296e-07 12.5046 5.17272e-06 3.7296e-07 12.5046 0.71653 0 0.432289 0 0.606531 0 
1 1 0 9.39 1.72 0 5.17272e-06 3.7296e-07 12.5046 5.17272e-06 3.7296e-07 12.5046 0.71653 0 0.432289 0 0.606531 0 
1 1 0 9.44 1.72 0 5.17272e-06 3.7296e-07 12.5046 5.17272e-06 3.7296e-07 12.5046 0.71653 0 0.432289 0 0.606531 0 
1 1 0 9.49 1.72 0 5.17272e-06 3.7296e-07 12.5046 5.17272e-06 3.7296e-07 12.5046 0.71653 0 0.432289 0 0.606531 0 
1 1 0 9.54 1.72 0 5.17272e-06 3.7296e-07 12.5046 5.17272e-06 3.7296e-07 12.5046 0.71653 0 0.432289 0 0.606531 0 
1 1 0 9.59 1.72 0 5.17272e-06 3.7296e-07 12.5046 5.17272e-06 3.7296e-07 12.5046 0.71653 0 0.432289 0 0.606531 0 
1 1 0 9.64 1.72 0 5.17272e-06 3.7296e-07 12.5046 5.17272e-06 3.7296e-07 12.5046 0.71653 0 0.432289 0 0.606531 0 
1 1 0 9.69 1.72 0 5.17272e-06 3.7296e-07 12.5046 5.17272e-06 3.7296e-07 12.5046 0.71653 0 0.432289 0 0.606531 0 
1 1 0 9.74 1.72 0 5.17272e-06 3.7296e-07 12.5046 5.17272e-06 3.7296e-07 12.5046 0.71653 0 0.432289 0 0.606531 0 
1 1 0 9.79 1.72 0 5.17272e-06 3.7296e-07 12.5046 5.17272e-06 3.7296e-07 12.5046 0.71653 0 0.432289 0 0.606531 0 
1 1 0 9.84 1.72 0 5.17272e-06 3.7296e-07 12.5046 5.17272e-06 3.7296e-07 12.5046 0.71653 0 0.432289 0 0.606531 0 
1 1 0 9.89 1.72 0 5.17272e-06 3.7296e-07 12.5046 5.17272e-06 3.7296e-07 12.5046 0.71653 0 0.432289 0 0.606531 0 
1 1 0 9.94 1.72 0 5.17272e-06 3.7296e-07 12.5046 5.17272e-06 3.7296e-07 12.5046 0.71653 0 0.432289 0 0.606531 0 
1 1 0 9.99 1.72 0 5.17272e-06 3.7296e-07 12.5046 5.17272e-06 3.7296e-07 12.5046 0.71653 0 0.432289 0 0.606531 0 
1 1 0 10.04 1.72 0 5.17272e-06 3.7296e-07 12.5046 5.17272e-06 3.7296e-07 12.5046 0.71653 0 0.432289 0 0.606531 0 
1 1 0 10.09 1.72 0 5.17272e-06 3.7296e-07 12.5046 5.17272e-06 3.7296e-07 12.5046 0.71653 0 0.432289 0 0.606531 0 
1 1 0 10.14 1.72 0 5.17272e-06 3.7296e-07 12.5046 5.17272e-06 3.7296e-07 12.5046 0.71653 0 0.432289 0 0.606531 0 
1 1 0 10.19 1.72 0 5.17272e-06 3.7296e-07 12.5046 5.17272e-06 3.7296e-07 12.5046 0.71653 0 0.432289 0 0.606531 0 
1 1 0 10.24 1.72 0 5.17272e-06 3.7296e-07 12.5046 5.17272e-06 3.7296e-07 12.5046 0.71653 0 0.432289 0 0.606531 0 
1 1 0 10.29 1.72 0 5.17272e-06 3.7296e-07 12.5046 5.17272e-06 3.7296e-07 12.5046 0.71653 0 0.432289 0 0.606531 0 
1 1 0 10.34 1.72 0 5.17272e-06 3.7296e-07 12.5046 5.17272e-06 3.7296e-07 12.5046 0.71653 0 0.432289 0 0.606531 0 
1 1 0 10.39 1.72 0 5.17272e-06 3.7296e-07 12.5046 5.17272e-06 3.7296e-07 12.5046 0.71653 0 0.432289 0 0.606531 0 
1 1 0 10.44 1.72 0 5.17272e-06 3.7296e-07 12.5046 5.17272e-06 3.7296e-07 12.5046 0.71653 0 0.432289 0 0.606531 0 
1 1 0 10.49 1.72 0 5.17272e-06 3.7296e-07 12.5046 5.17272e-06 3.7296e-07 12.5046 0.71653 0 0.432289 0 0.606531 0 
1 1 0 10.54 1.72 0 5.17272e-06 3.7296e-07 12.5046 5.17272e-06 3.7296e-07 12.5046 0.71653 0 0.432289 0 0.606531 0 
1 1 0 10.59 1.72 0 5.17272e-06 3.7296e-07 12.5046 5.17272e-06 3.7296e-07 12.5046 0.71653 0 0.432289 0 0.606531 0 
1 1 0 10.64 1.72 0 5.17272e-06 3.7296e-07 12.5046 5.17272e-06 3.7296e-07 12.5046 0.71653 0 0.432289 0 0.606531 0 
1 1 0 10.69 1.72 0 5.17272e-06 3.7296e-07 12.5046 5.17272e-06 3.7296e-07 12.5046 0.71653 0 0.432289 0 0.606531 0 
1 1 0 10.74 1.72 0 5.17272e-06 3.7296e-07 12.5046 5.17272e-06 3.7296e-07 12.5046 0.71653 0 0.432289 0 0.606531 0 
1 1 0 10.79 1.72 0 5.17272e-06 3.7296e-07 12.5046 5.17272e-06 3.7296e-07 12.5046 0.71653 0 0.432289 0 0.606531 0 
1 1 0 10.84 1.72 0 5.17272e-06 3.7296e-07 12.5046 5.17272e-06 3.7296e-07 12.5046 0.71653 0 0.432289 0 0.606531 0 
1 1 0 10.89 1.72 0 5.17272e-06 3.7296e-07 12.5046 5.17272e-06 3.7296e-07 12.5046 0.71653 0 0.432289 0 0.606531 0 
1 1 0 10.94 1.72 0 5.17272e-06 3.7296e-07 12.5046 5.17272e-06 3.7296e-07 12.5046 0.71653 0 0.432289 0 0.606531 0 
1 1 0 10.99 1.72 0 5.17272e-06 3.7296e-07 12.5046 5.17272e-06 3.7296e-07 12.5046 0.71653 0 0.432289 0 0.606531 0 
1 1 0 11.04 1.72 0 5.17272e-06 3.7296e-07 12.5046 5.17272e-06 3.7296e-07 12.5046 0.71653 0 0.432289 0 0.606531 0 
1 1 0 11.09 1.72 0 5.17272e-06 3.7296e-07 12.5046 5.17272e-06 3.7296e-07 12.5046 0.71653 0 0.432289 0 0.606531 0 
1 1 0 11.14 1.72 0 5.17272e-06 3.7296e-07 12.5046 5.17272e-06 3.7296e-07 12.5046 0.71653 0 0.432289 0 0.606531 0 
1 1 0 11.19 1.72 0 5.17272e-06 3.7296e-07 12.5046 5.17272e-06 3.7296e-07 12.5046 0.71653 0 0.432289 0 0.606531 0 
1 1 0 11.24 1.72 0 5.17272e-06 3.7296e-07 12.5046 5.17272e-06 3.7296e-07 12.5046 0.71653 0 0.432289 0 0.606531 0 
1 1 0 11.29 1.72 0 5.17272e-06 3.7296e-07 12.5046 5.17272e-06 3.7296e-07 12.5046 0.71653 0 0.432289 0 0.606531 0 
1 1 0 11.34 1.72 0 5.17272e-06 3.7296e-07 12.5046 5.17272e-06 3.7296e-07 12.5046 0.71653 0 0.432289 0 0.606531 0 
1 1 0 11.39 1.72 0 5.17272e-06 3.7296e-07 12.5046 5.17272e-06 3.7296e-07 12.5046 0.71653 0 0.432289 0 0.606531 0 
1 1 0 11.44 1.72 0 5.17272e-06 3.7296e-07 12.5046 5.17272e-06 3.7296e-07 12.5046 0.71653 0 0.432289 0 0.606531 0 
1 1 0 11.49 1.72 0 5.17272e-06 3.7296e-07 12.5046 5.17272e-06 3.7296e-07 12.5046 0.71653 0 0.432289 0 0.606531 0 
1 1 0 11.54 1.72 0 5.17272e-06 3.7296e-07 12.5046 5.17272e-06 3.7296e-07 12.5046 0.71653 0 0.432289 0 0.606531 0 
1 1 0 11.59 1.72 0 5.17272e-06 3.7296e-07 12.5046 5.17272e-06 3.7296e-07 12.5046 0.71653 0 0.432289 0 0.606531 0 
1 1 0 11.64 1.72 0 5.17272e-06 3.7296e-07 12.5046 5.17272e-06 3.7296e-07 12.5046 0.71653 0 0.432289 0 0.606531 0 
1 1 0 11.69 1.72 0 5.17272e-06 3.7296e-07 12.5046 5.17272e-06 3.7296e-07 12.5046 0.71653 0 0.432289 0 0.606531 0 
1 1 0 11.74 1.72 0 5.17272e-06 3.7296e-07 12.5046 5.17272e-06 3.7296e-07 12.5046 0.71653 0 0.432289 0 0.606531 0 
1 1 0 11.79 1.72 0 5.17272e-06 3.7296e-07 12.5046 5.17272e-06 3.7296e-07 12.5046 0.71653 0 0.432289 0 0.606531 0 
1 1 0 11.84 1.72 0 5.17272e-06 3.7296e-07 12.5046 5.17272e-06 3.7296e-07 12.5046 0.71653 0 0.432289 0 0.606531 0 
1 1 0 11.89 1.72 0 5.17272e-06 3.7296e-07 12.5046 5.17272e-06 3.7296e-07 12.5046 0.71653 0 0.432289 0 0.606531 0 
1 1 0 11.94 1.72 0 5.17272e-06 3.7296e-07 12.5046 5.17272e-06 3.7296e-07 12.5046 0.71653 0 0.432289 0 0.606531 0 
1 1 0 11.99 1.72 0 5.17272e-06 3.7296e-07 12.5046 5.17272e-06 3.7296e-07 12.5046 0.71653 0 0.432289 0 0.606531 0 
1 1 0 12.04 1.72 0 5.17272e-06 3.7296e-07 12.5046 5.17272e-06 3.7296e-07 12.5046 0.71653 0 0.432289 0 0.606531 0 
1 1 0 12.09 1.72 0 5.17272e-06 3.7296e-07 12.5046 5.17272e-06 3.7296e-07 12.5046 0.71653 0 0.432289 0 0.606531 0 
1 1 0 12.14 1.72 0 5.17272e-06 3.7296e-07 12.5046 5.17272e-06 3.7296e-07 12.5046 0.71653 0 0.432289 0 0.606531 0 
1 1 0 12.19 1.72 0 5.17272e-06 3.7296e-07 12.5046 5.17272e-06 3.7296e-07 12.5046 0.71653 0 0.432289 0 0.606531 0 
1 1 0 12.24 1.72 0 5.17272e-06 3.7296e-07 12.5046 5.17272e-06 3.7296e-07 12.5046 0.71653 0 0.432289 0 0.606531 0 
1 1 0 12.29 1.72 0 5.17272e-06 3.7296e-07 12.5046 5.17272e-06 3.7296e-07 12.5046 0.71653 0 0.432289 0 0.606531 0 
1 1 0 12.34 1.72 0 5.17272e-06 3.7296e-07 12.5046 5.17272e-06 3.7296e-07 12.5046 0.71653 0 0.432289 0 0.606531 0 
1 1 0 12.39 1.72 0 5.17272e-06 3.7296e-07 12.5046 5.17272e-06 3.7296e-07 12.5046 0.71653 0 0.432289 0 0.606531 0 
1 1 0 12.44 1.72 0 5.17272e-06 3.7296e-07 12.5046 5.17272e-06 3.7296e-07 12.5046 0.71653 0 0.432289 0 0.606531 0 
1 1 0 12.49 1.72 0 5.17272e-06 3.7296e-07 12.5046 5.17272e-06 3.7296e-07 12.5046 0.71653 0 0.432289 0 0.606531 0 
1 1 0 12.54 1.72 0 5.17272e-06 3.7296e-07 12.5046 5.17272e-06 3.7296e-07 12.5046 0.71653 0 0.432289 0 0.606531 0 
1 1 0 12.59 1.72 0 5.17272e-06 3.7296e-07 12.5046 5.17272e-06 3.7296e-07 12.5046 0.71653 0 0.432289 0 0.606531 0 
1 1 0 12.64 1.72 0 5.17272e-06 3.7296e-07 12.5046 5.17272e-06 3.7296e-07 12.5046 0.71653 0 0.432289 0 0.606531 0 
1 1 0 12.69 1.72 0 5.17272e-06 3.7296e-07 12.5046 5.17272e-06 3.7296e-07 12.5046 0.71653 0 0.432289 0 0.606531 0 
1 1 0 12.74 1.72 0 5.17272e-06 3.7296e-07 12.5046 5.17272e-06 3.7296e-07 12.5046 0.71653 0 0.432289 0 0.606531 0 
1 1 0 12.79 1.72 0 5.17272e-06 3.7296e-07 12.5046 5.17272e-06 3.7296e-07 12.5046 0.71653 0 0.432289 0 0.606531 0 
1 1 0 12.84 1.72 0 5.17272e-06 3.7296e-07 12.5046 5.17272e-06 3.7296e-07 12.5046 0.71653 0 0.432289 0 0.606531 0 
1 1 0 12.89 1.72 0 5.17272e-06 3.7296e-07 12.5046 5.17272e-06 3.7296e-07 12.5046 0.71653 0 0.432289 0 0.606531 0 
1 1 0 12.94 1.72 0 5.17272e-06 3.7296e-07 12.5046 5.17272e-06 3.7296e-07 12.5046 0.71653 0 0.432289 0 0.606531 0 
1 1 0 12.99 1.72 0 5.17272e-06 3.7296e-07 12.5046 5.17272e-06 3.7296e-07 12.5046 0.71653 0 0.432289 0 0.606531 0 
1 1 0 13.04 1.72 0 5.17272e-06 3.7296e-07 12.5046 5.17272e-06 3.7296e-07 12.5046 0.71653 0 0.432289 0 0.606531 0 
1 1 0 13.09 1.72 0 5.17272e-06 3.7296e-07 12.5046 5.17272e-06 3.7296e-07 12.5046 0.71653 0 0.432289 0 0.606531 0 
1 1 0 13.14 1.72 0 5.17272e-06 3.7296e-07 12.5046 5.17272e-06 3.7296e-07 12.5046 0.71653 0 0.432289 0 0.606531 0 
1 1 0 13.19 1.72 0 5.17272e-06 3.7296e-07 12.5046 5.17272e-06 3.7296e-07 12.5046 0.71653 0 0.432289 0 0.606531 0 
1 1 0 13.24 1.72 0 5.17272e-06 3.7296e-07 12.5046 5.17272e-06 3.7296e-07 12.5046 0.71653 0 0.432289 0 0.606531 0 
1 1 0 13.29 1.72 0 5.17271e-06 3.7296e-07 12.5046 5.17271e-06 3.7296e-07 12.5046 0.71653 0 0.432289 0 0.606531 0 
1 1 0 13.34 1.72 0 5.17271e-06 3.7296e-07 12.5046 5.17271e-06 3.7296e-07 12.5046 0.71653 0 0.432289 0 0.606531 0 
1 1 0 13.39 1.72 0 5.17271e-06 3.7296e-07 12.5046 5.17271e-06 3.7296e-07 12.5046 0.71653 0 0.432289 0 0.606531 0 
1 1 0 13.44 1.72 0 5.17271e-06 3.7296e-07 12.5046 5.17271e-06 3.7296e-07 12.5046 0.71653 0 0.432289 0 0.606531 0 
1 1 0 13.49 1.72 0 5.17271e-06 3.7296e-07 12.5046 5.17271e-06 3.7296e-07 12.5046 0.71653 0 0.432289 0 0.606531 0 
1 1 0 13.54 1.72 0 5.17271e-06 3.7296e-07 12.5046 5.17271e-06 3.7296e-07 12.5046 0.71653 0 0.432289 0 0.606531 0 
1 1 0 13.59 1.72 0 5.17271e-06 3.7296e-07 12.5046 5.17271e-06 3.7296e-07 12.5046 0.71653 0 0.432289 0 0.606531 0 
1 1 0 13.64 1.72 0 5.17271e-06 3.7296e-07 12.5046 5.17271e-06 3.7296e-07 12.5046 0.71653 0 0.432289 0 0.606531 0 
1 1 0 13.69 1.72 0 5.17271e-06 3.7296e-07 12.5046 5.17271e-06 3.7296e-07 12.5046 0.71653 0 0.432289 0 0.606531 0 
1 1 0 13.74 1.72 0 5.17271e-06 3.7296e-07 12.5046 5.17271e-06 3.7296e-07 12.5046 0.71653 0 0.432289 0 0.606531 0 
1 1 0 13.79 1.72 0 5.17271e-06 3.7296e-07 12.5046 5.17271e-06 3.7296e-07 12.5046 0.71653 0 0.432289 0 0.606531 0 
1 1 0 13.84 1.72 0 5.17271e-06 3.7296e-07 12.5046 5.17271e-06 3.7296e-07 12.5046 0.71653 0 0.432289 0 0.606531 0 
1 1 0 13.89 1.72 0 5.17271e-06 3.7296e-07 12.5046 5.17271e-06 3.7296e-07 12.5046 0.71653 0 0.432289 0 0.606531 0 
1 1 0 13.94 1.72 0 5.17271e-06 3.7296e-07 12.5046 5.17271e-06 3.7296e-07 12.5046 0.71653 0 0.432289 0 0.606531 0 
1 1 0 13.99 1.72 0 5.17271e-06 3.7296e-07 12.5046 5.17271e-06 3.7296e-07 12.5046 0.71653 0 0.432289 0 0.606531 0 
1 1 0 14.04 1.72 0 5.17271e-06 3.7296e-07 12.5046 5.17271e-06 3.7296e-07 12.5046 0.71653 0 0.432289 0 0.606531 0 
1 1 0 14.09 1.72 0 5.17271e-06 3.7296e-07 12.5046 5.17271e-06 3.7296e-07 12.5046 0.71653 0 0.432289 0 0.606531 0 
1 1 0 14.14 1.72 0 5.17271e-06 3.7296e-07 12.5046 5.17271e-06 3.7296e-07 12.5046 0.71653 0 0.432289 0 0.606531 0 
1 1 0 14.19 1.72 0 5.17271e-06 3.7296e-07 12.5046 5.17271e-06 3.7296e-07 12.5046 0.71653 0 0.432289 0 0.606531 0 
1 1 0 14.24 1.72 0 5.17271e-06 3.7296e-07 12.5046 5.17271e-06 3.7296e-07 12.5046 0.71653 0 0.432289 0 0.606531 0 
1 1 0 14.29 1.72 0 5.17271e-06 3.7296e-07 12.5046 5.17271e-06 3.7296e-07 12.5046 0.71653 0 0.432289 0 0.606531 0 
1 1 0 14.34 1.72 0 5.17271e-06 3.7296e-07 12.5046 5.17271e-06 3.7296e-07 12.5046 0.71653 0 0.432289 0 0.606531 0 
1 1 0 14.39 1.72 0 5.17271e-06 3.7296e-07 12.5046 5.17271e-06 3.7296e-07 12.5046 0.71653 0 0.432289 0 0.606531 0 
1 1 0 14.44 1.72 0 5.17271e-06 3.7296e-07 12.5046 5.17271e-06 3.7296e-07 12.5046 0.71653 0 0.432289 0 0.606531 0 
1 1 0 14.49 1.72 0 5.17271e-06 3.7296e-07 12.5046 5.17271e-06 3.7296e-07 12.5046 0.71653 0 0.432289 0 0.606531 0 
1 1 0 14.54 1.72 0 5.17271e-06 3.7296e-07 12.5046 5.17271e-06 3.7296e-07 12.5046 0.71653 0 0.432289 0 0.606531 0 
1 1 0 14.59 1.72 0 5.17271e-06 3.7296e-07 12.5046 5.17271e-06 3.7296e-07 12.5046 0.71653 0 0.432289 0 0.606531 0 
1 1 0 14.64 1.72 0 5.17271e-06 3.7296e-07 12.5046 5.17271e-06 3.7296e-07 12.5046 0.71653 0 0.432289 0 0.606531 0 
1 1 0 14.69 1.72 0 5.17271e-06 3.7296e-07 12.5046 5.17271e-06 3.7296e-07 12.5046 0.71653 0 0.432289 0 0.606531 0 
1 1 0 14.74 1.72 0 5.17271e-06 3.7296e-07 12.5046 5.17271e-06 3.7296e-07 12.5046 0.71653 0 0.432289 0 0.606531 0 
1 1 0 14.79 1.72 0 5.17271e-06 3.7296e-07 12.5046 5.17271e-06 3.7296e-07 12.5046 0.71653 0 0.432289 0 0.606531 0 
1 1 0 14.84 1.72 0 5.17271e-06 3.7296e-07 12.5046 5.17271e-06 3.7296e-07 12.5046 0.71653 0 0.432289 0 0.606531 0 
1 1 0 14.89 1.72 0 5.17271e-06 3.7296e-07 12.5046 5.17271e-06 3.7296e-07 12.5046 0.71653 0 0.432289 0 0.606531 0 
1 1 0 14.94 1.72 0 5.17271e-06 3.7296e-07 12.5046 5.17271e-06 3.7296e-07 12.5046 0.71653 0 0.432289 0 0.606531 0 
1 1 0 14.99 1.72 0 5.17271e-06 3.7296e-07 12.5046 5.17271e-06 3.7296e-07 12.5046 0.71653 0 0.432289 0 0.606531 0 
1 1 0 15.04 1.72 0 5.17271e-06 3.7296e-07 12.5046 5.17271e-06 3.7296e-07 12.5046 0.71653 0 0.432289 0 0.606531 0 
1 1 0 15.09 1.72 0 5.17271e-06 3.7296e-07 12.5046 5.17271e-06 3.7296e-07 12.5046 0.71653 0 0.432289 0 0.606531 0 
1 1 0 15.14 1.72 0 5.17271e-06 3.7296e-07 12.5046 5.17271e-06 3.7296e-07 12.5046 0.71653 0 0.432289 0 0.606531 0 
1 1 0 15.19 1.72 0 5.17271e-06 3.7296e-07 12.5046 5.17271e-06 3.7296e-07 12.5046 0.71653 0 0.432289 0 0.606531 0 
1 1 0 15.24 1.72 0 5.17271e-06 3.7296e-07 12.5046 5.17271e-06 3.7296e-07 12.5046 0.71653 0 0.432289 0 0.606531 0 
1 1 0 15.29 1.72 0 5.17271e-06 3.7296e-07 12.5046 5.17271e-06 3.7296e-07 12.5046 0.71653 0 0.432289 0 0.606531 0 
1 1 0 15.34 1.72 0 5.17271e-06 3.7296e-07 12.5046 5.17271e-06 3.7296e-07 12.5046 0.71653 0 0.432289 0 0.606531 0 
1 1 0 15.39 1.72 0 5.17271e-06 3.7296e-07 12.5046 5.17271e-06 3.7296e-07 12.5046 0.71653 0 0.432289 0 0.606531 0 
1 1 0 15.44 1.72 0 5.17271e-06 3.7296e-07 12.5046 5.17271e-06 3.7296e-07 12.5046 0.71653 0 0.432289 0 0.606531 0 
1 1 0 15.49 1.72 0 5.17271e-06 3.7296e-07 12.5046 5.17271e-06 3.7296e-07 12.5046 0.71653 0 0.432289 0 0.606531 0 
1 1 0 15.54 1.72 0 5.17271e-06 3.7296e-07 12.5046 5.17271e-06 3.7296e-07 12.5046 0.71653 0 0.432289 0 0.606531 0 
1 1 0 15.59 1.72 0 5.17271e-06 3.7296e-07 12.5046 5.17271e-06 3.7296e-07 12.5046 0.71653 0 0.432289 0 0.606531 0 
1 1 0 15.64 1.72 0 5.17271e-06 3.7296e-07 12.5046 5.17271e-06 3.7296e-07 12.5046 0.71653 0 0.432289 0 0.606531 0 
1 1 0 15.69 1.72 0 5.17271e-06 3.7296e-07 12.5046 5.17271e-06 3.7296e-07 12.5046 0.71653 0 0.432289 0 0.606531 0 
1 1 0 15.74 1.72 0 5.17271e-06 3.7296e-07 12.5046 5.17271e-06 3.7296e-07 12.5046 0.71653 0 0.432289 0 0.606531 0 
1 1 0 15.79 1.72 0 5.17271e-06 3.7296e-07 12.5046 5.17271e-06 3.7296e-07 12.5046 0.71653 0 0.432289 0 0.606531 0 
1 1 0 15.84 1.72 0 5.17271e-06 3.7296e-07 12.5046 5.17271e-06 3.7296e-07 12.5046 0.71653 0 0.432289 0 0.606531 0 
1 1 0 15.89 1.72 0 5.17271e-06 3.7296e-07 12.5046 5.17271e-06 3.7296e-07 12.5046 0.71653 0 0.432289 0 0.606531 0 
1 1 0 15.94 1.72 0 5.17271e-06 3.7296e-07 12.5046 5.17271e-06 3.7296e-07 12.5046 0.71653 0 0.432289 0 0.606531 0 
1 1 0 15.99 1.72 0 5.17271e-06 3.7296e-07 12.5046 5.17271e-06 3.7296e-07 12.5046 0.71653 0 0.432289 0 0.606531 0 
1 1 0 16.04 1.72 0 5.17271e-06 3.7296e-07 12.5046 5.17271e-06 3.7296e-07 12.5046 0.71653 0 0.432289 0 0.606531 0 
1 1 0 16.09 1.72 0 5.17271e-06 3.7296e-07 12.5046 5.17271e-06 3.7296e-07 12.5046 0.71653 0 0.432289 0 0.606531 0 
1 1 0 16.14 1.72 0 5.17271e-06 3.7296e-07 12.5046 5.17271e-06 3.7296e-07 12.5046 0.71653 0 0.432289 0 0.606531 0 
1 1 0 16.19 1.72 0 5.17271e-06 3.7296e-07 12.5046 5.17271e-06 3.7296e-07 12.5046 0.71653 0 0.432289 0 0.606531 0 
1 1 0 16.24 1.72 0 5.17271e-06 3.7296e-07 12.5046 5.17271e-06 3.7296e-07 12.5046 0.71653 0 0.432289 0 0.606531 0 
1 1 0 16.29 1.72 0 5.17271e-06 3.7296e-07 12.5046 5.17271e-06 3.7296e-07 12.5046 0.71653 0 0.432289 0 0.606531 0 
1 1 0 16.34 1.72 0 5.17271e-06 3.7296e-07 12.5046 5.17271e-06 3.7296e-07 12.5046 0.71653 0 0.432289 0 0.606531 0 
1 1 0 16.39 1.72 0 5.17271e-06 3.7296e-07 12.5046 5.17271e-06 3.7296e-07 12.5046 0.71653 0 0.432289 0 0.606531 0 
1 1 0 16.44 1.72 0 5.17271e-06 3.7296e-07 12.5046 5.17271e-06 3.7296e-07 12.5046 0.71653 0 0.432289 0 0.606531 0 
1 1 0 16.49 1.72 0 5.17271e-06 3.7296e-07 12.5046 5.17271e-06 3.7296e-07 12.5046 0.71653 0 0.432289 0 0.606531 0 
1 1 0 16.54 1.72 0 5.17271e-06 3.7296e-07 12.5046 5.17271e-06 3.7296e-07 12.5046 0.71653 0 0.432289 0 0.606531 0 
1 1 0 16.59 1.72 0 5.17271e-06 3.7296e-07 12.5046 5.17271e-06 3.7296e-07 12.5046 0.71653 0 0.432289 0 0.606531 0 
1 1 0 16.64 1.72 0 5.17271e-06 3.7296e-07 12.5046 5.17271e-06 3.7296e-07 12.5046 0.71653 0 0.432289 0 0.606531 0 
1 1 0 16.69 1.72 0 5.17271e-06 3.7296e-07 12.5046 5.17271e-06 3.7296e-07 12.5046 0.71653 0 0.432289 0 0.606531 0 
1 1 0 16.74 1.72 0 5.17271e-06 3.7296e-07 12.5046 5.17271e-06 3.7296e-07 12.5046 0.71653 0 0.432289 0 0.606531 0 
1 1 0 16.79 1.72 0 5.17271e-06 3.7296e-07 12.5046 5.17271e-06 3.7296e-07 12.5046 0.71653 0 0.432289 0 0.606531 0 
1 1 0 16.84 1.72 0 5.17271e-06 3.7296e-07 12.5046 5.17271e-06 3.7296e-07 12.5046 0.71653 0 0.432289 0 0.606531 0 
1 1 0 16.89 1.72 0 5.17271e-06 3.7296e-07 12.5046 5.17271e-06 3.7296e-07 12.5046 0.71653 0 0.432289 0 0.606531 0 
1 1 0 16.94 1.72 0 5.17271e-06 3.7296e-07 12.5046 5.17271e-06 3.7296e-07 12.5046 0.71653 0 0.432289 0 0.606531 0 
1 1 0 16.99 1.72 0 5.17271e-06 3.7296e-07 12.5046 5.17271e-06 3.7296e-07 12.5046 0.71653 0 0.432289 0 0.606531 0 
1 1 0 17.04 1.72 0 5.17271e-06 3.7296e-07 12.5046 5.17271e-06 3.7296e-07 12.5046 0.71653 0 0.432289 0 0.606531 0 
1 1 0 17.09 1.72 0 5.17271e-06 3.7296e-07 12.5046 5.17271e-06 3.7296e-07 12.5046 0.71653 0 0.432289 0 0.606531 0 
1 1 0 17.14 1.72 0 5.17271e-06 3.7296e-07 12.5046 5.17271e-06 3.7296e-07 12.5046 0.71653 0 0.432289 0 0.606531 0 
1 1 0 17.19 1.72 0 5.17271e-06 3.7296e-07 12.5046 5.17271e-06 3.7296e-07 12.5046 0.71653 0 0.432289 0 0.606531 0 
1 1 0 17.24 1.72 0 5.17271e-06 3.7296e-07 12.5046 5.17271e-06 3.7296e-07 12.5046 0.71653 0 0.432289 0 0.606531 0 
1 1 0 17.29 1.72 0 5.17271e-06 3.7296e-07 12.5046 5.17271e-06 3.7296e-07 12.5046 0.71653 0 0.432289 0 0.606531 0 
1 1 0 17.34 1.72 0 5.17271e-06 3.7296e-07 12.5046 5.17271e-06 3.7296e-07 12.5046 0.71653 0 0.432289 0 0.606531 0 
1 1 0 17.39 1.72 0 5.17271e-06 3.7296e-07 12.5046 5.17271e-06 3.7296e-07 12.5046 0.71653 0 0.432289 0 0.606531 0 
1 1 0 17.44 1.72 0 5.17271e-06 3.7296e-07 12.5046 5.17271e-06 3.7296e-07 12.5046 0.71653 0 0.432289 0 0.606531 0 
1 1 0 17.49 1.72 0 5.17271e-06 3.7296e-07 12.5046 5.17271e-06 3.7296e-07 12.5046 0.71653 0 0.432289 0 0.606531 0 
1 1 0 17.54 1.72 0 5.17271e-06 3.7296e-07 12.5046 5.17271e-06 3.7296e-07 12.5046 0.71653 0 0.432289 0 0.606531 0 
1 1 0 17.59 1.72 0 5.17271e-06 3.7296e-07 12.5046 5.17271e-06 3.7296e-07 12.5046 0.71653 0 0.432289 0 0.606531 0 
1 1 0 17.64 1.72 0 5.17271e-06 3.7296e-07 12.5046 5.17271e-06 3.7296e-07 12.5046 0.71653 0 0.432289 0 0.606531 0 
1 1 0 17.69 1.72 0 5.17271e-06 3.7296e-07 12.5046 5.17271e-06 3.7296e-07 12.5046 0.71653 0 0.432289 0 0.606531 0 
1 1 0 17.74 1.72 0 5.17271e-06 3.7296e-07 12.5046 5.17271e-06 3.7296e-07 12.5046 0.71653 0 0.432289 0 0.606531 0 
1 1 0 17.79 1.72 0 5.17271e-06 3.7296e-07 12.5046 5.17271e-06 3.7296e-07 12.5046 0.71653 0 0.432289 0 0.606531 0 
1 1 0 17.84 1.72 0 5.17271e-06 3.7296e-07 12.5046 5.17271e-06 3.7296e-07 12.5046 0.71653 0 0.432289 0 0.606531 0 
1 1 0 17.89 1.72 0 5.17271e-06 3.7296e-07 12.5046 5.17271e-06 3.7296e-07 12.5046 0.71653 0 0.432289 0 0.606531 0 
1 1 0 17.94 1.72 0 5.17271e-06 3.7296e-07 12.5046 5.17271e-06 3.7296e-07 12.5046 0.71653 0 0.432289 0 0.606531 0 
1 1 0 17.99 1.72 0 5.17271e-06 3.7296e-07 12.5046 5.17271e-06 3.7296e-07 12.5046 0.71653 0 0.432289 0 0.606531 0 
1 1 0 18.04 1.72 0 5.17271e-06 3.7296e-07 12.5046 5.17271e-06 3.7296e-07 12.5046 0.71653 0 0.432289 0 0.606531 0 
1 1 0 18.09 1.72 0 5.17271e-06 3.7296e-07 12.5046 5.17271e-06 3.7296e-07 12.5046 0.71653 0 0.432289 0 0.606531 0 
1 1 0 18.14 1.72 0 5.17271e-06 3.7296e-07 12.5046 5.17271e-06 3.7296e-07 12.5046 0.71653 0 0.432289 0 0.606531 0 
1 1 0 18.19 1.72 0 5.17271e-06 3.7296e-07 12.5046 5.17271e-06 3.7296e-07 12.5046 0.71653 0 0.432289 0 0.606531 0 
1 1 0 18.24 1.72 0 5.17271e-06 3.7296e-07 12.5046 5.17271e-06 3.7296e-07 12.5046 0.71653 0 0.432289 0 0.606531 0 
1 1 0 18.29 1.72 0 5.17271e-06 3.7296e-07 12.5046 5.17271e-06 3.7296e-07 12.5046 0.71653 0 0.432289 0 0.606531 0 
1 1 0 18.34 1.72 0 5.17271e-06 3.7296e-07 12.5046 5.17271e-06 3.7296e-07 12.5046 0.71653 0 0.432289 0 0.606531 0 
1 1 0 18.39 1.72 0 5.17271e-06 3.7296e-07 12.5046 5.17271e-06 3.7296e-07 12.5046 0.71653 0 0.432289 0 0.606531 0 
1 1 0 18.44 1.72 0 5.17271e-06 3.7296e-07 12.5046 5.17271e-06 3.7296e-07 12.5046 0.71653 0 0.432289 0 0.606531 0 
1 1 0 18.49 1.72 0 5.17271e-06 3.7296e-07 12.5046 5.17271e-06 3.7296e-07 12.5046 0.71653 0 0.432289 0 0.606531 0 
1 1 0 18.54 1.72 0 5.17271e-06 3.7296e-07 12.5046 5.17271e-06 3.7296e-07 12.5046 0.71653 0 0.432289 0 0.606531 0 
1 1 0 18.59 1.72 0 5.17271e-06 3.7296e-07 12.5046 5.17271e-06 3.7296e-07 12.5046 0.71653 0 0.432289 0 0.606531 0 
1 1 0 18.64 1.72 0 5.17271e-06 3.7296e-07 12.5046 5.17271e-06 3.7296e-07 12.5046 0.71653 0 0.432289 0 0.606531 0 
1 1 0 18.69 1.72 0 5.17271e-06 3.7296e-07 12.5046 5.17271e-06 3.7296e-07 12.5046 0.71653 0 0.432289 0 0.606531 0 
1 1 0 18.74 1.72 0 5.17271e-06 3.7296e-07 12.5046 5.17271e-06 3.7296e-07 12.5046 0.71653 0 0.432289 0 0.606531 0 
1 1 0 18.79 1.72 0 5.17271e-06 3.7296e-07 12.5046 5.17271e-06 3.7296e-07 12.5046 0.71653 0 0.432289 0 0.606531 0 
1 1 0 18.84 1.72 0 5.17271e-06 3.7296e-07 12.5046 5.17271e-06 3.7296e-07 12.5046 0.71653 0 0.432289 0 0.606531 0 
1 1 0 18.89 1.72 0 5.17271e-06 3.7296e-07 12.5046 5.17271e-06 3.7296e-07 12.5046 0.71653 0 0.432289 0 0.606531 0 
1 1 0 18.94 1.72 0 5.17271e-06 3.7296e-07 12.5046 5.17271e-06 3.7296e-07 12.5046 0.71653 0 0.432289 0 0.606531 0 
1 1 0 18.99 1.72 0 5.17271e-06 3.7296e-07 12.5046 5.17271e-06 3.7296e-07 12.5046 0.71653 0 0.432289 0 0.606531 0 
1 1 0 19.04 1.72 0 5.17271e-06 3.7296e-07 12.5046 5.17271e-06 3.7296e-07 12.5046 0.71653 0 0.432289 0 0.606531 0 
1 1 0 19.09 1.72 0 5.17271e-06 3.7296e-07 12.5046 5.17271e-06 3.7296e-07 12.5046 0.71653 0 0.432289 0 0.606531 0 
1 1 0 19.14 1.72 0 5.17271e-06 3.7296e-07 12.5046 5.17271e-06 3.7296e-07 12.5046 0.71653 0 0.432289 0 0.606531 0 
1 1 0 19.19 1.72 0 5.17271e-06 3.7296e-07 12.5046 5.17271e-06 3.7296e-07 12.5046 0.71653 0 0.432289 0 0.606531 0 
1 1 0 19.24 1.72 0 5.17271e-06 3.7296e-07 12.5046 5.17271e-06 3.7296e-07 12.5046 0.71653 0 0.432289 0 0.606531 0 
1 1 0 19.29 1.72 0 5.17271e-06 3.7296e-07 12.5046 5.17271e-06 3.7296e-07 12.5046 0.71653 0 0.432289 0 0.606531 0 
1 1 0 19.34 1.72 0 5.17271e-06 3.7296e-07 12.5046 5.17271e-06 3.7296e-07 12.5046 0.71653 0 0.432289 0 0.606531 0 
1 1 0 19.39 1.72 0 5.17271e-06 3.7296e-07 12.5046 5.17271e-06 3.7296e-07 12.5046 0.71653 0 0.432289 0 0.606531 0 
1 1 0 19.44 1.72 0 5.17271e-06 3.7296e-07 12.5046 5.17271e-06 3.7296e-07 12.5046 0.71653 0 0.432289 0 0.606531 0 
1 1 0 19.49 1.72 0 5.17271e-06 3.7296e-07 12.5046 5.17271e-06 3.7296e-07 12.5046 0.71653 0 0.432289 0 0.606531 0 
1 1 0 19.54 1.72 0 5.17271e-06 3.7296e-07 12.5046 5.17271e-06 3.7296e-07 12.5046 0.71653 0 0.432289 0 0.606531 0 
1 1 0 19.59 1.72 0 5.17271e-06 3.7296e-07 12.5046 5.17271e-06 3.7296e-07 12.5046 0.71653 0 0.432289 0 0.606531 0 
1 1 0 19.64 1.72 0 5.17271e-06 3.7296e-07 12.5046 5.17271e-06 3.7296e-07 12.5046 0.71653 0 0.432289 0 0.606531 0 
1 1 0 19.69 1.72 0 5.17271e-06 3.7296e-07 12.5046 5.17271e-06 3.7296e-07 12.5046 0.71653 0 0.432289 0 0.606531 0 
1 1 0 19.74 1.72 0 5.17271e-06 3.7296e-07 12.5046 5.17271e-06 3.7296e-07 12.5046 0.71653 0 0.432289 0 0.606531 0 
1 1 0 19.79 1.72 0 5.17271e-06 3.7296e-07 12.5046 5.17271e-06 3.7296e-07 12.5046 0.71653 0 0.432289 0 0.606531 0 
1 1 0 19.84 1.72 0 5.17271e-06 3.7296e-07 12.5046 5.17271e-06 3.7296e-07 12.5046 0.71653 0 0.432289 0 0.606531 0 
1 1 0 19.89 1.72 0 5.17271e-06 3.7296e-07 12.5046 5.17271e-06 3.7296e-07 12.5046 0.71653 0 0.432289 0 0.606531 0 
1 1 0 19.94 1.72 0 5.17271e-06 3.7296e-07 12.5046 5.17271e-06 3.7296e-07 12.5046 0.71653 0 0.432289 0 0.606531 0 
1 1 0 19.99 1.72 0 5.17271e-06 3.7296e-07 12.5046 5.17271e-06 3.7296e-07 12.5046 0.71653 0 0.432289 0 0.606531 0 
1 1 0 20.04 1.72 0 5.17271e-06 3.7296e-07 12.5046 5.17271e-06 3.7296e-07 12.5046 0.71653 0 0.432289 0 0.606531 0 
1 1 0 20.09 1.72 0 5.17271e-06 3.7296e-07 12.5046 5.17271e-06 3.7296e-07 12.5046 0.71653 0 0.432289 0 0.606531 0 
1 1 0 20.14 1.72 0 5.17271e-06 3.7296e-07 12.5046 5.17271e-06 3.7296e-07 12.5046 0.71653 0 0.432289 0 0.606531 0 
