2 1 0 -0.1 1.24 0 5.1727e-06 3.7296e-07 12.5046 5.1727e-06 3.7296e-07 12.5046 0 0 0 0 0 0 
1 1 0 -0.08 1.24 0 5.1727e-06 3.7296e-07 12.5046 5.1727e-06 3.7296e-07 12.5046 0.716529 0 0.432289 0 0.606531 0 
1 1 0 -0.06 1.24 0 5.1727e-06 3.7296e-07 12.5046 5.1727e-06 3.7296e-07 12.5046 0.716529 0 0.432289 0 0.606531 0 
1 1 0 -0.02 1.24 0 5.1727e-06 3.7296e-07 12.5046 5.1727e-06 3.7296e-07 12.5046 0.716529 0 0.432289 0 0.606531 0 
1 1 0 0.03 1.24 0 5.1727e-06 3.7296e-07 12.5046 5.1727e-06 3.7296e-07 12.5046 0.716529 0 0.432289 0 0.606531 0 
1 1 0 0.08 1.24 0 5.17271e-06 3.7296e-07 12.5046 5.17271e-06 3.7296e-07 12.5046 0.716529 0 0.432289 0 0.606531 0 
1 1 0 0.13 1.24 0 5.17271e-06 3.7296e-07 12.5046 5.17271e-06 3.7296e-07 12.5046 0.716529 0 0.432289 0 0.606531 0 
1 1 0 0.18 1.24 0 5.17271e-06 3.7296e-07 12.5046 5.17271e-06 3.7296e-07 12.5046 0.716529 0 0.432289 0 0.606531 0 
1 1 0 0.23 1.24 0 5.17271e-06 3.7296e-07 12.5046 5.17271e-06 3.7296e-07 12.5046 0.716529 0 0.432289 0 0.606531 0 
1 1 0 0.28 1.24 0 5.17271e-06 3.7296e-07 12.5046 5.17271e-06 3.7296e-07 12.5046 0.716529 0 0.432289 0 0.606531 0 
1 1 0 0.33 1.24 0 5.17271e-06 3.7296e-07 12.5046 5.17271e-06 3.7296e-07 12.5046 0.71653 0 0.432289 0 0.606531 0 
1 1 0 0.38 1.24 0 5.17271e-06 3.7296e-07 12.5046 5.17271e-06 3.7296e-07 12.5046 0.71653 0 0.432289 0 0.606531 0 
1 1 0 0.43 1.24 0 5.17271e-06 3.7296e-07 12.5046 5.17271e-06 3.7296e-07 12.5046 0.71653 0 0.432289 0 0.606531 0 
1 1 0 0.48 1.24 0 5.17271e-06 3.7296e-07 12.5046 5.17271e-06 3.7296e-07 12.5046 0.71653 0 0.432289 0 0.606531 0 
1 1 0 0.53 1.24 0 5.17271e-06 3.7296e-07 12.5046 5.17271e-06 3.7296e-07 12.5046 0.71653 0 0.432289 0 0.606531 0 
1 1 0 0.58 1.24 0 5.17271e-06 3.7296e-07 12.5046 5.17271e-06 3.7296e-07 12.5046 0.71653 0 0.432289 0 0.606531 0 
1 1 0 0.63 1.24 0 5.17271e-06 3.7296e-07 12.5046 5.17271e-06 3.7296e-07 12.5046 0.71653 0 0.432289 0 0.606531 0 
1 1 0 0.68 1.24 0 5.17271e-06 3.7296e-07 12.5046 5.17271e-06 3.7296e-07 12.5046 0.71653 0 0.432289 0 0.606531 0 
1 1 0 0.73 1.24 0 5.17271e-06 3.7296e-07 12.5046 5.17271e-06 3.7296e-07 12.5046 0.71653 0 0.432289 0 0.606531 0 
1 1 0 0.78 1.24 0 5.17271e-06 3.7296e-07 12.5046 5.17271e-06 3.7296e-07 12.5046 0.71653 0 0.432289 0 0.606531 0 
1 1 0 0.83 1.24 0 5.17271e-06 3.7296e-07 12.5046 5.17271e-06 3.7296e-07 12.5046 0.71653 0 0.432289 0 0.606531 0 
1 1 0 0.88 1.24 0 5.17272e-06 3.7296e-07 12.5046 5.17272e-06 3.7296e-07 12.5046 0.71653 0 0.432289 0 0.606531 0 
1 1 0 0.93 1.24 0 5.17272e-06 3.7296e-07 12.5046 5.17272e-06 3.7296e-07 12.5046 0.71653 0 0.432289 0 0.606531 0 
1 1 0 0.98 1.24 0 5.17272e-06 3.7296e-07 12.5046 5.17272e-06 3.7296e-07 12.5046 0.71653 0 0.432289 0 0.606531 0 
1 1 0 1.03 1.24 0 5.17272e-06 3.7296e-07 12.5046 5.17272e-06 3.7296e-07 12.5046 0.71653 0 0.432289 0 0.606531 0 
1 1 0 1.08 1.24 0 5.17272e-06 3.7296e-07 12.5046 5.17272e-06 3.7296e-07 12.5046 0.71653 0 0.432289 0 0.606531 0 
1 1 0 1.13 1.24 0 5.17272e-06 3.7296e-07 12.5046 5.17272e-06 3.7296e-07 12.5046 0.71653 0 0.432289 0 0.606531 0 
1 1 0 1.18 1.24 0 5.17272e-06 3.7296e-07 12.5046 5.17272e-06 3.7296e-07 12.5046 0.71653 0 0.432289 0 0.606531 0 
1 1 0 1.23 1.24 0 5.17272e-06 3.7296e-07 12.5046 5.17272e-06 3.7296e-07 12.5046 0.71653 0 0.432289 0 0.606531 0 
1 1 0 1.28 1.24 0 5.17272e-06 3.7296e-07 12.5046 5.17272e-06 3.7296e-07 12.5046 0.71653 0 0.432289 0 0.606531 0 
1 1 0 1.33 1.24 0 5.17272e-06 3.7296e-07 12.5046 5.17272e-06 3.7296e-07 12.5046 0.71653 0 0.432289 0 0.606531 0 
1 1 0 1.38 1.24 0 5.17272e-06 3.7296e-07 12.5046 5.17272e-06 3.7296e-07 12.5046 0.71653 0 0.432289 0 0.606531 0 
1 1 0 1.43 1.24 0 5.17272e-06 3.7296e-07 12.5046 5.17272e-06 3.7296e-07 12.5046 0.71653 0 0.432289 0 0.606531 0 
1 1 0 1.48 1.24 0 5.17272e-06 3.7296e-07 12.5046 5.17272e-06 3.7296e-07 12.5046 0.71653 0 0.432289 0 0.606531 0 
1 1 0 1.53 1.24 0 5.17272e-06 3.7296e-07 12.5046 5.17272e-06 3.7296e-07 12.5046 0.71653 0 0.432289 0 0.606531 0 
1 1 0 1.58 1.24 0 5.17272e-06 3.7296e-07 12.5046 5.17272e-06 3.7296e-07 12.5046 0.71653 0 0.432289 0 0.606531 0 
1 1 0 1.63 1.24 0 5.17272e-06 3.7296e-07 12.5046 5.17272e-06 3.7296e-07 12.5046 0.71653 0 0.432289 0 0.606531 0 
1 1 0 1.68 1.24 0 5.17273e-06 3.7296e-07 12.5046 5.17273e-06 3.7296e-07 12.5046 0.71653 0 0.432289 0 0.606531 0 
1 1 0 1.73 1.24 0 5.17273e-06 3.7296e-07 12.5046 5.17273e-06 3.7296e-07 12.5046 0.71653 0 0.432289 0 0.606531 0 
1 1 0 1.78 1.24 0 5.17273e-06 3.7296e-07 12.5046 5.17273e-06 3.7296e-07 12.5046 0.71653 0 0.432289 0 0.606531 0 
1 1 0 1.83 1.24 0 5.17273e-06 3.7296e-07 12.5046 5.17273e-06 3.7296e-07 12.5046 0.71653 0 0.432289 0 0.606531 0 
1 1 0 1.88 1.24 0 5.17273e-06 3.7296e-07 12.5046 5.17273e-06 3.7296e-07 12.5046 0.71653 0 0.432289 0 0.606531 0 
1 1 0 1.93 1.24 0 5.17273e-06 3.7296e-07 12.5046 5.17273e-06 3.7296e-07 12.5046 0.71653 0 0.432289 0 0.606531 0 
1 1 0 1.98 1.24 0 5.17273e-06 3.7296e-07 12.5046 5.17273e-06 3.7296e-07 12.5046 0.71653 0 0.432289 0 0.606531 0 
1 1 0 2.03 1.24 0 5.17273e-06 3.7296e-07 12.5046 5.17273e-06 3.7296e-07 12.5046 0.71653 0 0.432289 0 0.606531 0 
1 1 0 2.08 1.24 0 5.17273e-06 3.7296e-07 12.5046 5.17273e-06 3.7296e-07 12.5046 0.716531 0 0.432289 0 0.606531 0 
1 1 0 2.13 1.24 0 5.17273e-06 3.7296e-07 12.5046 5.17273e-06 3.7296e-07 12.5046 0.716531 0 0.432289 0 0.606531 0 
1 1 0 2.18 1.24 0 5.17273e-06 3.7296e-07 12.5046 5.17273e-06 3.7296e-07 12.5046 0.716531 0 0.432289 0 0.606531 0 
1 1 0 2.23 1.24 0 5.17273e-06 3.7296e-07 12.5046 5.17273e-06 3.7296e-07 12.5046 0.716531 0 0.432289 0 0.606531 0 
1 1 0 2.28 1.24 0 5.17273e-06 3.7296e-07 12.5046 5.17273e-06 3.7296e-07 12.5046 0.716531 0 0.432289 0 0.606531 0 
1 1 0 2.33 1.24 0 5.17273e-06 3.7296e-07 12.5046 5.17273e-06 3.7296e-07 12.5046 0.716531 0 0.432289 0 0.606531 0 
1 1 0 2.38 1.24 0 5.17273e-06 3.7296e-07 12.5046 5.17273e-06 3.7296e-07 12.5046 0.716531 0 0.432289 0 0.606531 0 
1 1 0 2.43 1.24 0 5.17273e-06 3.7296e-07 12.5046 5.17273e-06 3.7296e-07 12.5046 0.716531 0 0.432289 0 0.606531 0 
1 1 0 2.48 1.24 0 5.17274e-06 3.7296e-07 12.5046 5.17274e-06 3.7296e-07 12.5046 0.716531 0 0.432289 0 0.606531 0 
1 1 0 2.53 1.24 0 5.17274e-06 3.7296e-07 12.5046 5.17274e-06 3.7296e-07 12.5046 0.716531 0 0.432289 0 0.606531 0 
1 1 0 2.58 1.24 0 5.17274e-06 3.7296e-07 12.5046 5.17274e-06 3.7296e-07 12.5046 0.716531 0 0.432289 0 0.606531 0 
1 1 0 2.63 1.24 0 5.17274e-06 3.7296e-07 12.5046 5.17274e-06 3.7296e-07 12.5046 0.716531 0 0.432289 0 0.606531 0 
1 1 0 2.68 1.24 0 5.17274e-06 3.7296e-07 12.5046 5.17274e-06 3.7296e-07 12.5046 0.716531 0 0.432289 0 0.606531 0 
1 1 0 2.73 1.24 0 5.17274e-06 3.7296e-07 12.5046 5.17274e-06 3.7296e-07 12.5046 0.716531 0 0.432289 0 0.606531 0 
1 1 0 2.78 1.24 0 5.17274e-06 3.7296e-07 12.5046 5.17274e-06 3.7296e-07 12.5046 0.716531 0 0.432289 0 0.606531 0 
1 1 0 2.83 1.24 0 5.17274e-06 3.7296e-07 12.5046 5.17274e-06 3.7296e-07 12.5046 0.716531 0 0.432289 0 0.606531 0 
1 1 0 2.88 1.24 0 5.17274e-06 3.7296e-07 12.5046 5.17274e-06 3.7296e-07 12.5046 0.716531 0 0.432289 0 0.606531 0 
1 1 0 2.93 1.24 0 5.17274e-06 3.7296e-07 12.5046 5.17274e-06 3.7296e-07 12.5046 0.716531 0 0.432289 0 0.606531 0 
1 1 0 2.98 1.24 0 5.17274e-06 3.7296e-07 12.5046 5.17274e-06 3.7296e-07 12.5046 0.716531 0 0.432289 0 0.606531 0 
1 1 0 3.03 1.24 0 5.17274e-06 3.7296e-07 12.5046 5.17274e-06 3.7296e-07 12.5046 0.716531 0 0.432289 0 0.606531 0 
1 1 0 3.08 1.24 0 5.17274e-06 3.7296e-07 12.5046 5.17274e-06 3.7296e-07 12.5046 0.716531 0 0.432289 0 0.606531 0 
1 1 0 3.13 1.24 0 5.17274e-06 3.7296e-07 12.5046 5.17274e-06 3.7296e-07 12.5046 0.716531 0 0.432289 0 0.606531 0 
1 1 0 3.18 1.24 0 5.17274e-06 3.7296e-07 12.5046 5.17274e-06 3.7296e-07 12.5046 0.716531 0 0.432289 0 0.606531 0 
1 1 0 3.23 1.24 0 5.17274e-06 3.7296e-07 12.5046 5.17274e-06 3.7296e-07 12.5046 0.716531 0 0.432289 0 0.606531 0 
1 1 0 3.28 1.24 0 5.17275e-06 3.7296e-07 12.5046 5.17275e-06 3.7296e-07 12.5046 0.716531 0 0.432289 0 0.606531 0 
1 1 0 3.33 1.24 0 5.17275e-06 3.7296e-07 12.5046 5.17275e-06 3.7296e-07 12.5046 0.716531 0 0.432289 0 0.606531 0 
1 1 0 3.38 1.24 0 5.17275e-06 3.7296e-07 12.5046 5.17275e-06 3.7296e-07 12.5046 0.716531 0 0.432289 0 0.606531 0 
1 1 0 3.43 1.24 0 5.17275e-06 3.7296e-07 12.5046 5.17275e-06 3.7296e-07 12.5046 0.716531 0 0.432289 0 0.606531 0 
1 1 0 3.48 1.24 0 5.17275e-06 3.7296e-07 12.5046 5.17275e-06 3.7296e-07 12.5046 0.716531 0 0.432289 0 0.606531 0 
1 1 0 3.53 1.24 0 5.17275e-06 3.7296e-07 12.5046 5.17275e-06 3.7296e-07 12.5046 0.716531 0 0.432289 0 0.606531 0 
1 1 0 3.58 1.24 0 5.17275e-06 3.7296e-07 12.5046 5.17275e-06 3.7296e-07 12.5046 0.716531 0 0.432289 0 0.606531 0 
1 1 0 3.63 1.24 0 5.17275e-06 3.7296e-07 12.5046 5.17275e-06 3.7296e-07 12.5046 0.716531 0 0.432289 0 0.606531 0 
1 1 0 3.68 1.24 0 5.17275e-06 3.7296e-07 12.5046 5.17275e-06 3.7296e-07 12.5046 0.716531 0 0.432289 0 0.606531 0 
1 1 0 3.73 1.24 0 5.17275e-06 3.7296e-07 12.5046 5.17275e-06 3.7296e-07 12.5046 0.716531 0 0.432289 0 0.606531 0 
1 1 0 3.78 1.24 0 5.17275e-06 3.7296e-07 12.5046 5.17275e-06 3.7296e-07 12.5046 0.716532 0 0.432289 0 0.606531 0 
1 1 0 3.83 1.24 0 5.17275e-06 3.7296e-07 12.5046 5.17275e-06 3.7296e-07 12.5046 0.716532 0 0.432289 0 0.606531 0 
1 1 0 3.88 1.24 0 5.17275e-06 3.7296e-07 12.5046 5.17275e-06 3.7296e-07 12.5046 0.716532 0 0.432289 0 0.606531 0 
1 1 0 3.93 1.24 0 5.17275e-06 3.7296e-07 12.5046 5.17275e-06 3.7296e-07 12.5046 0.716532 0 0.432289 0 0.606531 0 
1 1 0 3.98 1.24 0 5.17275e-06 3.7296e-07 12.5046 5.17275e-06 3.7296e-07 12.5046 0.716532 0 0.432289 0 0.606531 0 
1 1 0 4.03 1.24 0 5.17275e-06 3.7296e-07 12.5046 5.17275e-06 3.7296e-07 12.5046 0.716532 0 0.432289 0 0.606531 0 
1 1 0 4.08 1.24 0 5.17276e-06 3.7296e-07 12.5046 5.17276e-06 3.7296e-07 12.5046 0.716532 0 0.432289 0 0.606531 0 
1 1 0 4.13 1.24 0 5.17276e-06 3.7296e-07 12.5046 5.17276e-06 3.7296e-07 12.5046 0.716532 0 0.432289 0 0.606531 0 
1 1 0 4.18 1.24 0 5.17276e-06 3.7296e-07 12.5046 5.17276e-06 3.7296e-07 12.5046 0.716532 0 0.432289 0 0.606531 0 
1 1 0 4.23 1.24 0 5.17276e-06 3.7296e-07 12.5046 5.17276e-06 3.7296e-07 12.5046 0.716532 0 0.432289 0 0.606531 0 
1 1 0 4.28 1.24 0 5.17276e-06 3.7296e-07 12.5046 5.17276e-06 3.7296e-07 12.5046 0.716532 0 0.432289 0 0.606531 0 
1 1 0 4.33 1.24 0 5.17276e-06 3.7296e-07 12.5046 5.17276e-06 3.7296e-07 12.5046 0.716532 0 0.432289 0 0.606531 0 
1 1 0 4.38 1.24 0 5.17276e-06 3.7296e-07 12.5046 5.17276e-06 3.7296e-07 12.5046 0.716532 0 0.432289 0 0.606531 0 
1 1 0 4.43 1.24 0 5.17276e-06 3.7296e-07 12.5046 5.17276e-06 3.7296e-07 12.5046 0.716532 0 0.432289 0 0.606531 0 
1 1 0 4.48 1.24 0 5.17276e-06 3.7296e-07 12.5046 5.17276e-06 3.7296e-07 12.5046 0.716532 0 0.432289 0 0.606531 0 
1 1 0 4.53 1.24 0 5.17276e-06 3.7296e-07 12.5046 5.17276e-06 3.7296e-07 12.5046 0.716532 0 0.432289 0 0.606531 0 
1 1 0 4.58 1.24 0 5.17276e-06 3.7296e-07 12.5046 5.17276e-06 3.7296e-07 12.5046 0.716532 0 0.432289 0 0.606531 0 
1 1 0 4.63 1.24 0 5.17276e-06 3.7296e-07 12.5046 5.17276e-06 3.7296e-07 12.5046 0.716532 0 0.432289 0 0.606531 0 
1 1 0 4.68 1.24 0 5.17276e-06 3.7296e-07 12.5046 5.17276e-06 3.7296e-07 12.5046 0.716532 0 0.432289 0 0.606531 0 
1 1 0 4.73 1.24 0 5.17276e-06 3.7296e-07 12.5046 5.17276e-06 3.7296e-07 12.5046 0.716532 0 0.432289 0 0.606531 0 
1 1 0 4.78 1.24 0 5.17276e-06 3.7296e-07 12.5046 5.17276e-06 3.7296e-07 12.5046 0.716532 0 0.432289 0 0.606531 0 
1 1 0 4.83 1.24 0 5.17277e-06 3.7296e-07 12.5046 5.17277e-06 3.7296e-07 12.5046 0.716532 0 0.432289 0 0.606531 0 
1 1 0 4.88 1.24 0 5.17277e-06 3.7296e-07 12.5046 5.17277e-06 3.7296e-07 12.5046 0.716532 0 0.432289 0 0.606531 0 
1 1 0 4.93 1.24 0 5.17277e-06 3.7296e-07 12.5046 5.17277e-06 3.7296e-07 12.5046 0.716532 0 0.432289 0 0.606531 0 
1 1 0 4.98 1.24 0 5.17277e-06 3.7296e-07 12.5046 5.17277e-06 3.7296e-07 12.5046 0.716532 0 0.432289 0 0.606531 0 
1 1 0 5.03 1.24 0 5.17277e-06 3.7296e-07 12.5046 5.17277e-06 3.7296e-07 12.5046 0.716532 0 0.432289 0 0.606531 0 
1 1 0 5.08 1.24 0 5.17277e-06 3.7296e-07 12.5046 5.17277e-06 3.7296e-07 12.5046 0.716532 0 0.432289 0 0.606531 0 
1 1 0 5.13 1.24 0 5.17277e-06 3.7296e-07 12.5046 5.17277e-06 3.7296e-07 12.5046 0.716532 0 0.432289 0 0.606531 0 
1 1 0 5.18 1.24 0 5.17277e-06 3.7296e-07 12.5046 5.17277e-06 3.7296e-07 12.5046 0.716532 0 0.432289 0 0.606531 0 
1 1 0 5.23 1.24 0 5.17277e-06 3.7296e-07 12.5046 5.17277e-06 3.7296e-07 12.5046 0.716532 0 0.432289 0 0.606531 0 
1 1 0 5.28 1.24 0 5.17277e-06 3.7296e-07 12.5046 5.17277e-06 3.7296e-07 12.5046 0.716532 0 0.432289 0 0.606531 0 
1 1 0 5.33 1.24 0 5.17277e-06 3.7296e-07 12.5046 5.17277e-06 3.7296e-07 12.5046 0.716532 0 0.432289 0 0.606531 0 
1 1 0 5.38 1.24 0 5.17277e-06 3.7296e-07 12.5046 5.17277e-06 3.7296e-07 12.5046 0.716532 0 0.432289 0 0.606531 0 
1 1 0 5.43 1.24 0 5.17277e-06 3.7296e-07 12.5046 5.17277e-06 3.7296e-07 12.5046 0.716532 0 0.432289 0 0.606531 0 
1 1 0 5.48 1.24 0 5.17277e-06 3.7296e-07 12.5046 5.17277e-06 3.7296e-07 12.5046 0.716533 0 0.432289 0 0.606531 0 
1 1 0 5.53 1.24 0 5.17277e-06 3.7296e-07 12.5046 5.17277e-06 3.7296e-07 12.5046 0.716533 0 0.432289 0 0.606531 0 
1 1 0 5.58 1.24 0 5.17277e-06 3.7296e-07 12.5046 5.17277e-06 3.7296e-07 12.5046 0.716533 0 0.432289 0 0.606531 0 
1 1 0 5.63 1.24 0 5.17278e-06 3.7296e-07 12.5046 5.17278e-06 3.7296e-07 12.5046 0.716533 0 0.432289 0 0.606531 0 
1 1 0 5.68 1.24 0 5.17278e-06 3.7296e-07 12.5046 5.17278e-06 3.7296e-07 12.5046 0.716533 0 0.432289 0 0.606531 0 
1 1 0 5.73 1.24 0 5.17278e-06 3.7296e-07 12.5046 5.17278e-06 3.7296e-07 12.5046 0.716533 0 0.432289 0 0.606531 0 
1 1 0 5.78 1.24 0 5.17278e-06 3.7296e-07 12.5046 5.17278e-06 3.7296e-07 12.5046 0.716533 0 0.432289 0 0.606531 0 
1 1 0 5.83 1.24 0 5.17278e-06 3.7296e-07 12.5046 5.17278e-06 3.7296e-07 12.5046 0.716533 0 0.432289 0 0.606531 0 
1 1 0 5.88 1.24 0 5.17278e-06 3.7296e-07 12.5046 5.17278e-06 3.7296e-07 12.5046 0.716533 0 0.432289 0 0.606531 0 
1 1 0 5.93 1.24 0 5.17278e-06 3.7296e-07 12.5046 5.17278e-06 3.7296e-07 12.5046 0.716533 0 0.432289 0 0.606531 0 
1 1 0 5.98 1.24 0 5.17278e-06 3.7296e-07 12.5046 5.17278e-06 3.7296e-07 12.5046 0.716533 0 0.432289 0 0.606531 0 
1 1 0 6.03 1.24 0 5.17278e-06 3.7296e-07 12.5046 5.17278e-06 3.7296e-07 12.5046 0.716533 0 0.432289 0 0.606531 0 
1 1 0 6.08 1.24 0 5.17278e-06 3.7296e-07 12.5046 5.17278e-06 3.7296e-07 12.5046 0.716533 0 0.432289 0 0.606531 0 
1 1 0 6.13 1.24 0 5.17278e-06 3.7296e-07 12.5046 5.17278e-06 3.7296e-07 12.5046 0.716533 0 0.432289 0 0.606531 0 
1 1 0 6.18 1.24 0 5.17278e-06 3.7296e-07 12.5046 5.17278e-06 3.7296e-07 12.5046 0.716533 0 0.432289 0 0.606531 0 
1 1 0 6.23 1.24 0 5.17278e-06 3.7296e-07 12.5046 5.17278e-06 3.7296e-07 12.5046 0.716533 0 0.432289 0 0.606531 0 
1 1 0 6.28 1.24 0 5.17278e-06 3.7296e-07 12.5046 5.17278e-06 3.7296e-07 12.5046 0.716533 0 0.432289 0 0.606531 0 
1 1 0 6.33 1.24 0 5.17278e-06 3.7296e-07 12.5046 5.17278e-06 3.7296e-07 12.5046 0.716533 0 0.432289 0 0.606531 0 
1 1 0 6.38 1.24 0 5.17278e-06 3.7296e-07 12.5046 5.17278e-06 3.7296e-07 12.5046 0.716533 0 0.432289 0 0.606531 0 
1 1 0 6.43 1.24 0 5.17279e-06 3.7296e-07 12.5046 5.17279e-06 3.7296e-07 12.5046 0.716533 0 0.432289 0 0.606531 0 
1 1 0 6.48 1.24 0 5.17279e-06 3.7296e-07 12.5046 5.17279e-06 3.7296e-07 12.5046 0.716533 0 0.432289 0 0.606531 0 
1 1 0 6.53 1.24 0 5.17279e-06 3.7296e-07 12.5046 5.17279e-06 3.7296e-07 12.5046 0.716533 0 0.432289 0 0.606531 0 
1 1 0 6.58 1.24 0 5.17279e-06 3.7296e-07 12.5046 5.17279e-06 3.7296e-07 12.5046 0.716533 0 0.432289 0 0.606531 0 
1 1 0 6.63 1.24 0 5.17279e-06 3.7296e-07 12.5046 5.17279e-06 3.7296e-07 12.5046 0.716533 0 0.432289 0 0.606531 0 
1 1 0 6.68 1.24 0 5.17279e-06 3.7296e-07 12.5046 5.17279e-06 3.7296e-07 12.5046 0.716533 0 0.432289 0 0.606531 0 
1 1 0 6.73 1.24 0 5.17279e-06 3.7296e-07 12.5046 5.17279e-06 3.7296e-07 12.5046 0.716533 0 0.432289 0 0.606531 0 
1 1 0 6.78 1.24 0 5.17279e-06 3.7296e-07 12.5046 5.17279e-06 3.7296e-07 12.5046 0.716533 0 0.432289 0 0.606531 0 
1 1 0 6.83 1.24 0 5.17279e-06 3.7296e-07 12.5046 5.17279e-06 3.7296e-07 12.5046 0.716533 0 0.432289 0 0.606531 0 
1 1 0 6.88 1.24 0 5.17279e-06 3.7296e-07 12.5046 5.17279e-06 3.7296e-07 12.5046 0.716533 0 0.432289 0 0.606531 0 
1 1 0 6.93 1.24 0 5.17279e-06 3.7296e-07 12.5046 5.17279e-06 3.7296e-07 12.5046 0.716533 0 0.432289 0 0.606531 0 
1 1 0 6.98 1.24 0 5.17279e-06 3.7296e-07 12.5046 5.17279e-06 3.7296e-07 12.5046 0.716533 0 0.432289 0 0.606531 0 
1 1 0 7.03 1.24 0 5.17279e-06 3.7296e-07 12.5046 5.17279e-06 3.7296e-07 12.5046 0.716533 0 0.432289 0 0.606531 0 
1 1 0 7.08 1.24 0 5.17279e-06 3.7296e-07 12.5046 5.17279e-06 3.7296e-07 12.5046 0.716533 0 0.432289 0 0.606531 0 
1 1 0 7.13 1.24 0 5.17279e-06 3.7296e-07 12.5046 5.17279e-06 3.7296e-07 12.5046 0.716533 0 0.432289 0 0.606531 0 
1 1 0 7.18 1.24 0 5.17279e-06 3.7296e-07 12.5046 5.17279e-06 3.7296e-07 12.5046 0.716533 0 0.432289 0 0.606531 0 
1 1 0 7.23 1.24 0 5.1728e-06 3.7296e-07 12.5046 5.1728e-06 3.7296e-07 12.5046 0.716534 0 0.432289 0 0.606531 0 
1 1 0 7.28 1.24 0 5.1728e-06 3.7296e-07 12.5046 5.1728e-06 3.7296e-07 12.5046 0.716534 0 0.432289 0 0.606531 0 
1 1 0 7.33 1.24 0 5.1728e-06 3.7296e-07 12.5046 5.1728e-06 3.7296e-07 12.5046 0.716534 0 0.432289 0 0.606531 0 
1 1 0 7.38 1.24 0 5.1728e-06 3.7296e-07 12.5046 5.1728e-06 3.7296e-07 12.5046 0.716534 0 0.432289 0 0.606531 0 
1 1 0 7.43 1.24 0 5.1728e-06 3.7296e-07 12.5046 5.1728e-06 3.7296e-07 12.5046 0.716534 0 0.432289 0 0.606531 0 
1 1 0 7.48 1.24 0 5.1728e-06 3.7296e-07 12.5046 5.1728e-06 3.7296e-07 12.5046 0.716534 0 0.432289 0 0.606531 0 
1 1 0 7.53 1.24 0 5.1728e-06 3.7296e-07 12.5046 5.1728e-06 3.7296e-07 12.5046 0.716534 0 0.432289 0 0.606531 0 
1 1 0 7.58 1.24 0 5.1728e-06 3.7296e-07 12.5046 5.1728e-06 3.7296e-07 12.5046 0.716534 0 0.432289 0 0.606531 0 
1 1 0 7.63 1.24 0 5.1728e-06 3.7296e-07 12.5046 5.1728e-06 3.7296e-07 12.5046 0.716534 0 0.432289 0 0.606531 0 
1 1 0 7.68 1.24 0 5.1728e-06 3.7296e-07 12.5046 5.1728e-06 3.7296e-07 12.5046 0.716534 0 0.432289 0 0.606531 0 
1 1 0 7.73 1.24 0 5.1728e-06 3.7296e-07 12.5046 5.1728e-06 3.7296e-07 12.5046 0.716534 0 0.432289 0 0.606531 0 
1 1 0 7.78 1.24 0 5.1728e-06 3.7296e-07 12.5046 5.1728e-06 3.7296e-07 12.5046 0.716534 0 0.432289 0 0.606531 0 
1 1 0 7.83 1.24 0 5.1728e-06 3.7296e-07 12.5046 5.1728e-06 3.7296e-07 12.5046 0.716534 0 0.432289 0 0.606531 0 
1 1 0 7.88 1.24 0 5.1728e-06 3.7296e-07 12.5046 5.1728e-06 3.7296e-07 12.5046 0.716534 0 0.432289 0 0.606531 0 
1 1 0 7.93 1.24 0 5.1728e-06 3.7296e-07 12.5046 5.1728e-06 3.7296e-07 12.5046 0.716534 0 0.432289 0 0.606531 0 
1 1 0 7.98 1.24 0 5.1728e-06 3.7296e-07 12.5046 5.1728e-06 3.7296e-07 12.5046 0.716534 0 0.432289 0 0.606531 0 
1 1 0 8.03 1.24 0 5.17281e-06 3.7296e-07 12.5046 5.17281e-06 3.7296e-07 12.5046 0.716534 0 0.432289 0 0.606531 0 
1 1 0 8.08 1.24 0 5.17281e-06 3.7296e-07 12.5046 5.17281e-06 3.7296e-07 12.5046 0.716534 0 0.432289 0 0.606531 0 
1 1 0 8.13 1.24 0 5.17281e-06 3.7296e-07 12.5046 5.17281e-06 3.7296e-07 12.5046 0.716534 0 0.432289 0 0.606531 0 
1 1 0 8.18 1.24 0 5.17281e-06 3.7296e-07 12.5046 5.17281e-06 3.7296e-07 12.5046 0.716534 0 0.432289 0 0.606531 0 
1 1 0 8.23 1.24 0 5.17281e-06 3.7296e-07 12.5046 5.17281e-06 3.7296e-07 12.5046 0.716534 0 0.432289 0 0.606531 0 
1 1 0 8.28 1.24 0 5.17281e-06 3.7296e-07 12.5046 5.17281e-06 3.7296e-07 12.5046 0.716534 0 0.432289 0 0.606531 0 
1 1 0 8.33 1.24 0 5.17281e-06 3.7296e-07 12.5046 5.17281e-06 3.7296e-07 12.5046 0.716534 0 0.432289 0 0.606531 0 
1 1 0 8.38 1.24 0 5.17281e-06 3.7296e-07 12.5046 5.17281e-06 3.7296e-07 12.5046 0.716534 0 0.432289 0 0.606531 0 
1 1 0 8.43 1.24 0 5.17281e-06 3.7296e-07 12.5046 5.17281e-06 3.7296e-07 12.5046 0.716534 0 0.432289 0 0.606531 0 
1 1 0 8.48 1.24 0 5.17281e-06 3.7296e-07 12.5046 5.17281e-06 3.7296e-07 12.5046 0.716534 0 0.432289 0 0.606531 0 
1 1 0 8.53 1.24 0 5.17281e-06 3.7296e-07 12.5046 5.17281e-06 3.7296e-07 12.5046 0.716534 0 0.432289 0 0.606531 0 
1 1 0 8.58 1.24 0 5.17281e-06 3.7296e-07 12.5046 5.17281e-06 3.7296e-07 12.5046 0.716534 0 0.432289 0 0.606531 0 
1 1 0 8.63 1.24 0 5.17281e-06 3.7296e-07 12.5046 5.17281e-06 3.7296e-07 12.5046 0.716534 0 0.432289 0 0.606531 0 
1 1 0 8.68 1.24 0 5.17281e-06 3.7296e-07 12.5046 5.17281e-06 3.7296e-07 12.5046 0.716534 0 0.432289 0 0.606531 0 
1 1 0 8.73 1.24 0 5.17281e-06 3.7296e-07 12.5046 5.17281e-06 3.7296e-07 12.5046 0.716534 0 0.432289 0 0.606531 0 
1 1 0 8.78 1.24 0 5.17281e-06 3.7296e-07 12.5046 5.17281e-06 3.7296e-07 12.5046 0.716534 0 0.432289 0 0.606531 0 
1 1 0 8.83 1.24 0 5.17282e-06 3.7296e-07 12.5046 5.17282e-06 3.7296e-07 12.5046 0.716534 0 0.432289 0 0.606531 0 
1 1 0 8.88 1.24 0 5.17282e-06 3.7296e-07 12.5046 5.17282e-06 3.7296e-07 12.5046 0.716534 0 0.432289 0 0.606531 0 
1 1 0 8.93 1.24 0 5.17282e-06 3.7296e-07 12.5046 5.17282e-06 3.7296e-07 12.5046 0.716535 0 0.432289 0 0.606531 0 
1 1 0 8.98 1.24 0 5.17282e-06 3.7296e-07 12.5046 5.17282e-06 3.7296e-07 12.5046 0.716535 0 0.432289 0 0.606531 0 
1 1 0 9.03 1.24 0 5.17282e-06 3.7296e-07 12.5046 5.17282e-06 3.7296e-07 12.5046 0.716535 0 0.432289 0 0.606531 0 
1 1 0 9.08 1.24 0 5.17282e-06 3.7296e-07 12.5046 5.17282e-06 3.7296e-07 12.5046 0.716535 0 0.432289 0 0.606531 0 
1 1 0 9.13 1.24 0 5.17282e-06 3.7296e-07 12.5046 5.17282e-06 3.7296e-07 12.5046 0.716535 0 0.432289 0 0.606531 0 
1 1 0 9.18 1.24 0 5.17282e-06 3.7296e-07 12.5046 5.17282e-06 3.7296e-07 12.5046 0.716535 0 0.432289 0 0.606531 0 
1 1 0 9.23 1.24 0 5.17282e-06 3.7296e-07 12.5046 5.17282e-06 3.7296e-07 12.5046 0.716535 0 0.432289 0 0.606531 0 
1 1 0 9.28 1.24 0 5.17282e-06 3.7296e-07 12.5046 5.17282e-06 3.7296e-07 12.5046 0.716535 0 0.432289 0 0.606531 0 
1 1 0 9.33 1.24 0 5.17282e-06 3.7296e-07 12.5046 5.17282e-06 3.7296e-07 12.5046 0.716535 0 0.432289 0 0.606531 0 
1 1 0 9.38 1.24 0 5.17282e-06 3.7296e-07 12.5046 5.17282e-06 3.7296e-07 12.5046 0.716535 0 0.432289 0 0.606531 0 
1 1 0 9.43 1.24 0 5.17282e-06 3.7296e-07 12.5046 5.17282e-06 3.7296e-07 12.5046 0.716535 0 0.432289 0 0.606531 0 
1 1 0 9.48 1.24 0 5.17282e-06 3.7296e-07 12.5046 5.17282e-06 3.7296e-07 12.5046 0.716535 0 0.432289 0 0.606531 0 
1 1 0 9.53 1.24 0 5.17282e-06 3.7296e-07 12.5046 5.17282e-06 3.7296e-07 12.5046 0.716535 0 0.432289 0 0.606531 0 
1 1 0 9.58 1.24 0 5.17282e-06 3.7296e-07 12.5046 5.17282e-06 3.7296e-07 12.5046 0.716535 0 0.432289 0 0.606531 0 
1 1 0 9.63 1.24 0 5.17283e-06 3.7296e-07 12.5046 5.17283e-06 3.7296e-07 12.5046 0.716535 0 0.432289 0 0.606531 0 
1 1 0 9.68 1.24 0 5.17283e-06 3.7296e-07 12.5046 5.17283e-06 3.7296e-07 12.5046 0.716535 0 0.432289 0 0.606531 0 
1 1 0 9.73 1.24 0 5.17283e-06 3.7296e-07 12.5046 5.17283e-06 3.7296e-07 12.5046 0.716535 0 0.432289 0 0.606531 0 
1 1 0 9.78 1.24 0 5.17283e-06 3.7296e-07 12.5046 5.17283e-06 3.7296e-07 12.5046 0.716535 0 0.432289 0 0.606531 0 
1 1 0 9.83 1.24 0 5.17283e-06 3.7296e-07 12.5046 5.17283e-06 3.7296e-07 12.5046 0.716535 0 0.432289 0 0.606531 0 
1 1 0 9.88 1.24 0 5.17283e-06 3.7296e-07 12.5046 5.17283e-06 3.7296e-07 12.5046 0.716535 0 0.432289 0 0.606531 0 
1 1 0 9.93 1.24 0 5.17283e-06 3.7296e-07 12.5046 5.17283e-06 3.7296e-07 12.5046 0.716535 0 0.432289 0 0.606531 0 
1 1 0 9.98 1.24 0 5.17283e-06 3.7296e-07 12.5046 5.17283e-06 3.7296e-07 12.5046 0.716535 0 0.432289 0 0.606531 0 
1 1 0 10.03 1.24 0 5.17283e-06 3.7296e-07 12.5046 5.17283e-06 3.7296e-07 12.5046 0.716535 0 0.432289 0 0.606531 0 
1 1 0 10.08 1.24 0 5.17283e-06 3.7296e-07 12.5046 5.17283e-06 3.7296e-07 12.5046 0.716535 0 0.432289 0 0.606531 0 
1 1 0 10.13 1.24 0 5.17283e-06 3.7296e-07 12.5046 5.17283e-06 3.7296e-07 12.5046 0.716535 0 0.432289 0 0.606531 0 
1 1 0 10.18 1.24 0 5.17283e-06 3.7296e-07 12.5046 5.17283e-06 3.7296e-07 12.5046 0.716535 0 0.432289 0 0.606531 0 
1 1 0 10.23 1.24 0 5.17283e-06 3.7296e-07 12.5046 5.17283e-06 3.7296e-07 12.5046 0.716535 0 0.432289 0 0.606531 0 
1 1 0 10.28 1.24 0 5.17283e-06 3.7296e-07 12.5046 5.17283e-06 3.7296e-07 12.5046 0.716535 0 0.432289 0 0.606531 0 
1 1 0 10.33 1.24 0 5.17283e-06 3.7296e-07 12.5046 5.17283e-06 3.7296e-07 12.5046 0.716535 0 0.432289 0 0.606531 0 
1 1 0 10.38 1.24 0 5.17283e-06 3.7296e-07 12.5046 5.17283e-06 3.7296e-07 12.5046 0.716535 0 0.432289 0 0.606531 0 
1 1 0 10.43 1.24 0 5.17284e-06 3.7296e-07 12.5046 5.17284e-06 3.7296e-07 12.5046 0.716535 0 0.432289 0 0.606531 0 
1 1 0 10.48 1.24 0 5.17284e-06 3.7296e-07 12.5046 5.17284e-06 3.7296e-07 12.5046 0.716535 0 0.432289 0 0.606531 0 
1 1 0 10.53 1.24 0 5.17284e-06 3.7296e-07 12.5046 5.17284e-06 3.7296e-07 12.5046 0.716535 0 0.432289 0 0.606531 0 
1 1 0 10.58 1.24 0 5.17284e-06 3.7296e-07 12.5046 5.17284e-06 3.7296e-07 12.5046 0.716535 0 0.432289 0 0.606531 0 
1 1 0 10.63 1.24 0 5.17284e-06 3.7296e-07 12.5046 5.17284e-06 3.7296e-07 12.5046 0.716535 0 0.432289 0 0.606531 0 
1 1 0 10.68 1.24 0 5.17284e-06 3.7296e-07 12.5046 5.17284e-06 3.7296e-07 12.5046 0.716536 0 0.432289 0 0.606531 0 
1 1 0 10.73 1.24 0 5.17284e-06 3.7296e-07 12.5046 5.17284e-06 3.7296e-07 12.5046 0.716536 0 0.432289 0 0.606531 0 
1 1 0 10.78 1.24 0 5.17284e-06 3.7296e-07 12.5046 5.17284e-06 3.7296e-07 12.5046 0.716536 0 0.432289 0 0.606531 0 
1 1 0 10.83 1.24 0 5.17284e-06 3.7296e-07 12.5046 5.17284e-06 3.7296e-07 12.5046 0.716536 0 0.432289 0 0.606531 0 
1 1 0 10.88 1.24 0 5.17284e-06 3.7296e-07 12.5046 5.17284e-06 3.7296e-07 12.5046 0.716536 0 0.432289 0 0.606531 0 
1 1 0 10.93 1.24 0 5.17284e-06 3.7296e-07 12.5046 5.17284e-06 3.7296e-07 12.5046 0.716536 0 0.432289 0 0.606531 0 
1 1 0 10.98 1.24 0 5.17284e-06 3.7296e-07 12.5046 5.17284e-06 3.7296e-07 12.5046 0.716536 0 0.432289 0 0.606531 0 
1 1 0 11.03 1.24 0 5.17284e-06 3.7296e-07 12.5046 5.17284e-06 3.7296e-07 12.5046 0.716536 0 0.432289 0 0.606531 0 
1 1 0 11.08 1.24 0 5.17284e-06 3.7296e-07 12.5046 5.17284e-06 3.7296e-07 12.5046 0.716536 0 0.432289 0 0.606531 0 
1 1 0 11.13 1.24 0 5.17284e-06 3.7296e-07 12.5046 5.17284e-06 3.7296e-07 12.5046 0.716536 0 0.432289 0 0.606531 0 
1 1 0 11.18 1.24 0 5.17284e-06 3.7296e-07 12.5046 5.17284e-06 3.7296e-07 12.5046 0.716536 0 0.432289 0 0.606531 0 
1 1 0 11.23 1.24 0 5.17285e-06 3.7296e-07 12.5046 5.17285e-06 3.7296e-07 12.5046 0.716536 0 0.432289 0 0.606531 0 
1 1 0 11.28 1.24 0 5.17285e-06 3.7296e-07 12.5046 5.17285e-06 3.7296e-07 12.5046 0.716536 0 0.432289 0 0.606531 0 
1 1 0 11.33 1.24 0 5.17285e-06 3.7296e-07 12.5046 5.17285e-06 3.7296e-07 12.5046 0.716536 0 0.432289 0 0.606531 0 
1 1 0 11.38 1.24 0 5.17285e-06 3.7296e-07 12.5046 5.17285e-06 3.7296e-07 12.5046 0.716536 0 0.432289 0 0.606531 0 
1 1 0 11.43 1.24 0 5.17285e-06 3.7296e-07 12.5046 5.17285e-06 3.7296e-07 12.5046 0.716536 0 0.432289 0 0.606531 0 
1 1 0 11.48 1.24 0 5.17285e-06 3.7296e-07 12.5046 5.17285e-06 3.7296e-07 12.5046 0.716536 0 0.432289 0 0.606531 0 
1 1 0 11.53 1.24 0 5.17285e-06 3.7296e-07 12.5046 5.17285e-06 3.7296e-07 12.5046 0.716536 0 0.432289 0 0.606531 0 
1 1 0 11.58 1.24 0 5.17285e-06 3.7296e-07 12.5046 5.17285e-06 3.7296e-07 12.5046 0.716536 0 0.432289 0 0.606531 0 
1 1 0 11.63 1.24 0 5.17285e-06 3.7296e-07 12.5046 5.17285e-06 3.7296e-07 12.5046 0.716536 0 0.432289 0 0.606531 0 
1 1 0 11.68 1.24 0 5.17285e-06 3.7296e-07 12.5046 5.17285e-06 3.7296e-07 12.5046 0.716536 0 0.432289 0 0.606531 0 
1 1 0 11.73 1.24 0 5.17285e-06 3.7296e-07 12.5046 5.17285e-06 3.7296e-07 12.5046 0.716536 0 0.432289 0 0.606531 0 
1 1 0 11.78 1.24 0 5.17285e-06 3.7296e-07 12.5046 5.17285e-06 3.7296e-07 12.5046 0.716536 0 0.432289 0 0.606531 0 
1 1 0 11.83 1.24 0 5.17285e-06 3.7296e-07 12.5046 5.17285e-06 3.7296e-07 12.5046 0.716536 0 0.432289 0 0.606531 0 
1 1 0 11.88 1.24 0 5.17285e-06 3.7296e-07 12.5046 5.17285e-06 3.7296e-07 12.5046 0.716536 0 0.432289 0 0.606531 0 
1 1 0 11.93 1.24 0 5.17285e-06 3.7296e-07 12.5046 5.17285e-06 3.7296e-07 12.5046 0.716536 0 0.432289 0 0.606531 0 
1 1 0 11.98 1.24 0 5.17285e-06 3.7296e-07 12.5046 5.17285e-06 3.7296e-07 12.5046 0.716536 0 0.432289 0 0.606531 0 
1 1 0 12.03 1.24 0 5.17286e-06 3.7296e-07 12.5046 5.17286e-06 3.7296e-07 12.5046 0.716536 0 0.432289 0 0.606531 0 
1 1 0 12.08 1.24 0 5.17286e-06 3.7296e-07 12.5046 5.17286e-06 3.7296e-07 12.5046 0.716536 0 0.432289 0 0.606531 0 
1 1 0 12.13 1.24 0 5.17286e-06 3.7296e-07 12.5046 5.17286e-06 3.7296e-07 12.5046 0.716536 0 0.432289 0 0.606531 0 
1 1 0 12.18 1.24 0 5.17286e-06 3.7296e-07 12.5046 5.17286e-06 3.7296e-07 12.5046 0.716536 0 0.432289 0 0.606531 0 
1 1 0 12.23 1.24 0 5.17286e-06 3.7296e-07 12.5046 5.17286e-06 3.7296e-07 12.5046 0.716536 0 0.432289 0 0.606531 0 
1 1 0 12.28 1.24 0 5.17286e-06 3.7296e-07 12.5046 5.17286e-06 3.7296e-07 12.5046 0.716536 0 0.432289 0 0.606531 0 
1 1 0 12.33 1.24 0 5.17286e-06 3.7296e-07 12.5046 5.17286e-06 3.7296e-07 12.5046 0.716536 0 0.432289 0 0.606531 0 
1 1 0 12.38 1.24 0 5.17286e-06 3.7296e-07 12.5046 5.17286e-06 3.7296e-07 12.5046 0.716537 0 0.432289 0 0.606531 0 
1 1 0 12.43 1.24 0 5.17286e-06 3.7296e-07 12.5046 5.17286e-06 3.7296e-07 12.5046 0.716537 0 0.432289 0 0.606531 0 
1 1 0 12.48 1.24 0 5.17286e-06 3.7296e-07 12.5046 5.17286e-06 3.7296e-07 12.5046 0.716537 0 0.432289 0 0.606531 0 
1 1 0 12.53 1.24 0 5.17286e-06 3.7296e-07 12.5046 5.17286e-06 3.7296e-07 12.5046 0.716537 0 0.432289 0 0.606531 0 
1 1 0 12.58 1.24 0 5.17286e-06 3.7296e-07 12.5046 5.17286e-06 3.7296e-07 12.5046 0.716537 0 0.432289 0 0.606531 0 
1 1 0 12.63 1.24 0 5.17286e-06 3.7296e-07 12.5046 5.17286e-06 3.7296e-07 12.5046 0.716537 0 0.432289 0 0.606531 0 
1 1 0 12.68 1.24 0 5.17286e-06 3.7296e-07 12.5046 5.17286e-06 3.7296e-07 12.5046 0.716537 0 0.432289 0 0.606531 0 
1 1 0 12.73 1.24 0 5.17286e-06 3.7296e-07 12.5046 5.17286e-06 3.7296e-07 12.5046 0.716537 0 0.432289 0 0.606531 0 
1 1 0 12.78 1.24 0 5.17286e-06 3.7296e-07 12.5046 5.17286e-06 3.7296e-07 12.5046 0.716537 0 0.432289 0 0.606531 0 
1 1 0 12.83 1.24 0 5.17287e-06 3.7296e-07 12.5046 5.17287e-06 3.7296e-07 12.5046 0.716537 0 0.432289 0 0.606531 0 
1 1 0 12.88 1.24 0 5.17287e-06 3.7296e-07 12.5046 5.17287e-06 3.7296e-07 12.5046 0.716537 0 0.432289 0 0.606531 0 
1 1 0 12.93 1.24 0 5.17287e-06 3.7296e-07 12.5046 5.17287e-06 3.7296e-07 12.5046 0.716537 0 0.432289 0 0.606531 0 
1 1 0 12.98 1.24 0 5.17287e-06 3.7296e-07 12.5046 5.17287e-06 3.7296e-07 12.5046 0.716537 0 0.432289 0 0.606531 0 
1 1 0 13.03 1.24 0 5.17287e-06 3.7296e-07 12.5046 5.17287e-06 3.7296e-07 12.5046 0.716537 0 0.432289 0 0.606531 0 
1 1 0 13.08 1.24 0 5.17287e-06 3.7296e-07 12.5046 5.17287e-06 3.7296e-07 12.5046 0.716537 0 0.432289 0 0.606531 0 
1 1 0 13.13 1.24 0 5.17287e-06 3.7296e-07 12.5046 5.17287e-06 3.7296e-07 12.5046 0.716537 0 0.432289 0 0.606531 0 
1 1 0 13.18 1.24 0 5.17287e-06 3.7296e-07 12.5046 5.17287e-06 3.7296e-07 12.5046 0.716537 0 0.432289 0 0.606531 0 
1 1 0 13.23 1.24 0 5.17287e-06 3.7296e-07 12.5046 5.17287e-06 3.7296e-07 12.5046 0.716537 0 0.432289 0 0.606531 0 
1 1 0 13.28 1.24 0 5.17287e-06 3.7296e-07 12.5046 5.17287e-06 3.7296e-07 12.5046 0.716537 0 0.432289 0 0.606531 0 
1 1 0 13.33 1.24 0 5.17287e-06 3.7296e-07 12.5046 5.17287e-06 3.7296e-07 12.5046 0.716537 0 0.432289 0 0.606531 0 
1 1 0 13.38 1.24 0 5.17287e-06 3.7296e-07 12.5046 5.17287e-06 3.7296e-07 12.5046 0.716537 0 0.432289 0 0.606531 0 
1 1 0 13.43 1.24 0 5.17287e-06 3.7296e-07 12.5046 5.17287e-06 3.7296e-07 12.5046 0.716537 0 0.432289 0 0.606531 0 
1 1 0 13.48 1.24 0 5.17287e-06 3.7296e-07 12.5046 5.17287e-06 3.7296e-07 12.5046 0.716537 0 0.432289 0 0.606531 0 
1 1 0 13.53 1.24 0 5.17287e-06 3.7296e-07 12.5046 5.17287e-06 3.7296e-07 12.5046 0.716537 0 0.432289 0 0.606531 0 
1 1 0 13.58 1.24 0 5.17288e-06 3.7296e-07 12.5046 5.17288e-06 3.7296e-07 12.5046 0.716537 0 0.432289 0 0.606531 0 
1 1 0 13.63 1.24 0 5.17288e-06 3.7296e-07 12.5046 5.17288e-06 3.7296e-07 12.5046 0.716537 0 0.432289 0 0.606531 0 
1 1 0 13.68 1.24 0 5.17288e-06 3.7296e-07 12.5046 5.17288e-06 3.7296e-07 12.5046 0.716537 0 0.432289 0 0.606531 0 
1 1 0 13.73 1.24 0 5.17288e-06 3.7296e-07 12.5046 5.17288e-06 3.7296e-07 12.5046 0.716537 0 0.432289 0 0.606531 0 
1 1 0 13.78 1.24 0 5.17288e-06 3.7296e-07 12.5046 5.17288e-06 3.7296e-07 12.5046 0.716537 0 0.432289 0 0.606531 0 
1 1 0 13.83 1.24 0 5.17288e-06 3.7296e-07 12.5046 5.17288e-06 3.7296e-07 12.5046 0.716537 0 0.432289 0 0.606531 0 
1 1 0 13.88 1.24 0 5.17288e-06 3.7296e-07 12.5046 5.17288e-06 3.7296e-07 12.5046 0.716537 0 0.432289 0 0.606531 0 
1 1 0 13.93 1.24 0 5.17288e-06 3.7296e-07 12.5046 5.17288e-06 3.7296e-07 12.5046 0.716537 0 0.432289 0 0.606531 0 
1 1 0 13.98 1.24 0 5.17288e-06 3.7296e-07 12.5046 5.17288e-06 3.7296e-07 12.5046 0.716537 0 0.432289 0 0.606531 0 
1 1 0 14.03 1.24 0 5.17288e-06 3.7296e-07 12.5046 5.17288e-06 3.7296e-07 12.5046 0.716537 0 0.432289 0 0.606531 0 
1 1 0 14.08 1.24 0 5.17288e-06 3.7296e-07 12.5046 5.17288e-06 3.7296e-07 12.5046 0.716537 0 0.432289 0 0.606531 0 
1 1 0 14.13 1.24 0 5.17288e-06 3.7296e-07 12.5046 5.17288e-06 3.7296e-07 12.5046 0.716538 0 0.432289 0 0.606531 0 
1 1 0 14.18 1.24 0 5.17288e-06 3.7296e-07 12.5046 5.17288e-06 3.7296e-07 12.5046 0.716538 0 0.432289 0 0.606531 0 
1 1 0 14.23 1.24 0 5.17288e-06 3.7296e-07 12.5046 5.17288e-06 3.7296e-07 12.5046 0.716538 0 0.432289 0 0.606531 0 
1 1 0 14.28 1.24 0 5.17288e-06 3.7296e-07 12.5046 5.17288e-06 3.7296e-07 12.5046 0.716538 0 0.432289 0 0.606531 0 
1 1 0 14.33 1.24 0 5.17288e-06 3.7296e-07 12.5046 5.17288e-06 3.7296e-07 12.5046 0.716538 0 0.432289 0 0.606531 0 
1 1 0 14.38 1.24 0 5.17289e-06 3.7296e-07 12.5046 5.17289e-06 3.7296e-07 12.5046 0.716538 0 0.432289 0 0.606531 0 
1 1 0 14.43 1.24 0 5.17289e-06 3.7296e-07 12.5046 5.17289e-06 3.7296e-07 12.5046 0.716538 0 0.432289 0 0.606531 0 
1 1 0 14.48 1.24 0 5.17289e-06 3.7296e-07 12.5046 5.17289e-06 3.7296e-07 12.5046 0.716538 0 0.432289 0 0.606531 0 
1 1 0 14.53 1.24 0 5.17289e-06 3.7296e-07 12.5046 5.17289e-06 3.7296e-07 12.5046 0.716538 0 0.432289 0 0.606531 0 
1 1 0 14.58 1.24 0 5.17289e-06 3.7296e-07 12.5046 5.17289e-06 3.7296e-07 12.5046 0.716538 0 0.432289 0 0.606531 0 
1 1 0 14.63 1.24 0 5.17289e-06 3.7296e-07 12.5046 5.17289e-06 3.7296e-07 12.5046 0.716538 0 0.432289 0 0.606531 0 
1 1 0 14.68 1.24 0 5.17289e-06 3.7296e-07 12.5046 5.17289e-06 3.7296e-07 12.5046 0.716538 0 0.432289 0 0.606531 0 
1 1 0 14.73 1.24 0 5.17289e-06 3.7296e-07 12.5046 5.17289e-06 3.7296e-07 12.5046 0.716538 0 0.432289 0 0.606531 0 
1 1 0 14.78 1.24 0 5.17289e-06 3.7296e-07 12.5046 5.17289e-06 3.7296e-07 12.5046 0.716538 0 0.432289 0 0.606531 0 
1 1 0 14.83 1.24 0 5.17289e-06 3.7296e-07 12.5046 5.17289e-06 3.7296e-07 12.5046 0.716538 0 0.432289 0 0.606531 0 
1 1 0 14.88 1.24 0 5.17289e-06 3.7296e-07 12.5046 5.17289e-06 3.7296e-07 12.5046 0.716538 0 0.432289 0 0.606531 0 
1 1 0 14.93 1.24 0 5.17289e-06 3.7296e-07 12.5046 5.17289e-06 3.7296e-07 12.5046 0.716538 0 0.432289 0 0.606531 0 
1 1 0 14.98 1.24 0 5.17289e-06 3.7296e-07 12.5046 5.17289e-06 3.7296e-07 12.5046 0.716538 0 0.432289 0 0.606531 0 
1 1 0 15.03 1.24 0 5.17289e-06 3.7296e-07 12.5046 5.17289e-06 3.7296e-07 12.5046 0.716538 0 0.432289 0 0.606531 0 
1 1 0 15.08 1.24 0 5.17289e-06 3.7296e-07 12.5046 5.17289e-06 3.7296e-07 12.5046 0.716538 0 0.432289 0 0.606531 0 
1 1 0 15.13 1.24 0 5.17289e-06 3.7296e-07 12.5046 5.17289e-06 3.7296e-07 12.5046 0.716538 0 0.432289 0 0.606531 0 
1 1 0 15.18 1.24 0 5.1729e-06 3.7296e-07 12.5046 5.1729e-06 3.7296e-07 12.5046 0.716538 0 0.432289 0 0.606531 0 
1 1 0 15.23 1.24 0 5.1729e-06 3.7296e-07 12.5046 5.1729e-06 3.7296e-07 12.5046 0.716538 0 0.432289 0 0.606531 0 
1 1 0 15.28 1.24 0 5.1729e-06 3.7296e-07 12.5046 5.1729e-06 3.7296e-07 12.5046 0.716538 0 0.432289 0 0.606531 0 
1 1 0 15.33 1.24 0 5.1729e-06 3.7296e-07 12.5046 5.1729e-06 3.7296e-07 12.5046 0.716538 0 0.432289 0 0.606531 0 
1 1 0 15.38 1.24 0 5.1729e-06 3.7296e-07 12.5046 5.1729e-06 3.7296e-07 12.5046 0.716538 0 0.432289 0 0.606531 0 
1 1 0 15.43 1.24 0 5.1729e-06 3.7296e-07 12.5046 5.1729e-06 3.7296e-07 12.5046 0.716538 0 0.432289 0 0.606531 0 
1 1 0 15.48 1.24 0 5.1729e-06 3.7296e-07 12.5046 5.1729e-06 3.7296e-07 12.5046 0.716538 0 0.432289 0 0.606531 0 
1 1 0 15.53 1.24 0 5.1729e-06 3.7296e-07 12.5046 5.1729e-06 3.7296e-07 12.5046 0.716538 0 0.432289 0 0.606531 0 
1 1 0 15.58 1.24 0 5.1729e-06 3.7296e-07 12.5046 5.1729e-06 3.7296e-07 12.5046 0.716538 0 0.432289 0 0.606531 0 
1 1 0 15.63 1.24 0 5.1729e-06 3.7296e-07 12.5046 5.1729e-06 3.7296e-07 12.5046 0.716538 0 0.432289 0 0.606531 0 
1 1 0 15.68 1.24 0 5.1729e-06 3.7296e-07 12.5046 5.1729e-06 3.7296e-07 12.5046 0.716538 0 0.432289 0 0.606531 0 
1 1 0 15.73 1.24 0 5.1729e-06 3.7296e-07 12.5046 5.1729e-06 3.7296e-07 12.5046 0.716538 0 0.432289 0 0.606531 0 
1 1 0 15.78 1.24 0 5.1729e-06 3.7296e-07 12.5046 5.1729e-06 3.7296e-07 12.5046 0.716538 0 0.432289 0 0.606531 0 
1 1 0 15.83 1.24 0 5.1729e-06 3.7296e-07 12.5046 5.1729e-06 3.7296e-07 12.5046 0.716539 0 0.432289 0 0.606531 0 
1 1 0 15.88 1.24 0 5.1729e-06 3.7296e-07 12.5046 5.1729e-06 3.7296e-07 12.5046 0.716539 0 0.432289 0 0.606531 0 
1 1 0 15.93 1.24 0 5.1729e-06 3.7296e-07 12.5046 5.1729e-06 3.7296e-07 12.5046 0.716539 0 0.432289 0 0.606531 0 
1 1 0 15.98 1.24 0 5.17291e-06 3.7296e-07 12.5046 5.17291e-06 3.7296e-07 12.5046 0.716539 0 0.432289 0 0.606531 0 
1 1 0 16.03 1.24 0 5.17291e-06 3.7296e-07 12.5046 5.17291e-06 3.7296e-07 12.5046 0.716539 0 0.432289 0 0.606531 0 
1 1 0 16.08 1.24 0 5.17291e-06 3.7296e-07 12.5046 5.17291e-06 3.7296e-07 12.5046 0.716539 0 0.432289 0 0.606531 0 
1 1 0 16.13 1.24 0 5.17291e-06 3.7296e-07 12.5046 5.17291e-06 3.7296e-07 12.5046 0.716539 0 0.432289 0 0.606531 0 
1 1 0 16.18 1.24 0 5.17291e-06 3.7296e-07 12.5046 5.17291e-06 3.7296e-07 12.5046 0.716539 0 0.432289 0 0.606531 0 
1 1 0 16.23 1.24 0 5.17291e-06 3.7296e-07 12.5046 5.17291e-06 3.7296e-07 12.5046 0.716539 0 0.432289 0 0.606531 0 
1 1 0 16.28 1.24 0 5.17291e-06 3.7296e-07 12.5046 5.17291e-06 3.7296e-07 12.5046 0.716539 0 0.432289 0 0.606531 0 
1 1 0 16.33 1.24 0 5.17291e-06 3.7296e-07 12.5046 5.17291e-06 3.7296e-07 12.5046 0.716539 0 0.432289 0 0.606531 0 
1 1 0 16.38 1.24 0 5.17291e-06 3.7296e-07 12.5046 5.17291e-06 3.7296e-07 12.5046 0.716539 0 0.432289 0 0.606531 0 
1 1 0 16.43 1.24 0 5.17291e-06 3.7296e-07 12.5046 5.17291e-06 3.7296e-07 12.5046 0.716539 0 0.432289 0 0.606531 0 
1 1 0 16.48 1.24 0 5.17291e-06 3.7296e-07 12.5046 5.17291e-06 3.7296e-07 12.5046 0.716539 0 0.432289 0 0.606531 0 
1 1 0 16.53 1.24 0 5.17291e-06 3.7296e-07 12.5046 5.17291e-06 3.7296e-07 12.5046 0.716539 0 0.432289 0 0.606531 0 
1 1 0 16.58 1.24 0 5.17291e-06 3.7296e-07 12.5046 5.17291e-06 3.7296e-07 12.5046 0.716539 0 0.432289 0 0.606531 0 
1 1 0 16.63 1.24 0 5.17291e-06 3.7296e-07 12.5046 5.17291e-06 3.7296e-07 12.5046 0.716539 0 0.432289 0 0.606531 0 
1 1 0 16.68 1.24 0 5.17291e-06 3.7296e-07 12.5046 5.17291e-06 3.7296e-07 12.5046 0.716539 0 0.432289 0 0.606531 0 
1 1 0 16.73 1.24 0 5.17291e-06 3.7296e-07 12.5046 5.17291e-06 3.7296e-07 12.5046 0.716539 0 0.432289 0 0.606531 0 
1 1 0 16.78 1.24 0 5.17292e-06 3.7296e-07 12.5046 5.17292e-06 3.7296e-07 12.5046 0.716539 0 0.432289 0 0.606531 0 
1 1 0 16.83 1.24 0 5.17292e-06 3.7296e-07 12.5046 5.17292e-06 3.7296e-07 12.5046 0.716539 0 0.432289 0 0.606531 0 
1 1 0 16.88 1.24 0 5.17292e-06 3.7296e-07 12.5046 5.17292e-06 3.7296e-07 12.5046 0.716539 0 0.432289 0 0.606531 0 
1 1 0 16.93 1.24 0 5.17292e-06 3.7296e-07 12.5046 5.17292e-06 3.7296e-07 12.5046 0.716539 0 0.432289 0 0.606531 0 
1 1 0 16.98 1.24 0 5.17292e-06 3.7296e-07 12.5046 5.17292e-06 3.7296e-07 12.5046 0.716539 0 0.432289 0 0.606531 0 
1 1 0 17.03 1.24 0 5.17292e-06 3.7296e-07 12.5046 5.17292e-06 3.7296e-07 12.5046 0.716539 0 0.432289 0 0.606531 0 
1 1 0 17.08 1.24 0 5.17292e-06 3.7296e-07 12.5046 5.17292e-06 3.7296e-07 12.5046 0.716539 0 0.432289 0 0.606531 0 
1 1 0 17.13 1.24 0 5.17292e-06 3.7296e-07 12.5046 5.17292e-06 3.7296e-07 12.5046 0.716539 0 0.432289 0 0.606531 0 
1 1 0 17.18 1.24 0 5.17292e-06 3.7296e-07 12.5046 5.17292e-06 3.7296e-07 12.5046 0.716539 0 0.432289 0 0.606531 0 
1 1 0 17.23 1.24 0 5.17292e-06 3.7296e-07 12.5046 5.17292e-06 3.7296e-07 12.5046 0.716539 0 0.432289 0 0.606531 0 
1 1 0 17.28 1.24 0 5.17292e-06 3.7296e-07 12.5046 5.17292e-06 3.7296e-07 12.5046 0.716539 0 0.432289 0 0.606531 0 
1 1 0 17.33 1.24 0 5.17292e-06 3.7296e-07 12.5046 5.17292e-06 3.7296e-07 12.5046 0.716539 0 0.432289 0 0.606531 0 
1 1 0 17.38 1.24 0 5.17292e-06 3.7296e-07 12.5046 5.17292e-06 3.7296e-07 12.5046 0.716539 0 0.432289 0 0.606531 0 
1 1 0 17.43 1.24 0 5.17292e-06 3.7296e-07 12.5046 5.17292e-06 3.7296e-07 12.5046 0.716539 0 0.432289 0 0.606531 0 
1 1 0 17.48 1.24 0 5.17292e-06 3.7296e-07 12.5046 5.17292e-06 3.7296e-07 12.5046 0.716539 0 0.432289 0 0.606531 0 
1 1 0 17.53 1.24 0 5.17292e-06 3.7296e-07 12.5046 5.17292e-06 3.7296e-07 12.5046 0.716539 0 0.432289 0 0.606531 0 
1 1 0 17.58 1.24 0 5.17293e-06 3.7296e-07 12.5046 5.17293e-06 3.7296e-07 12.5046 0.71654 0 0.432289 0 0.606531 0 
1 1 0 17.63 1.24 0 5.17293e-06 3.7296e-07 12.5046 5.17293e-06 3.7296e-07 12.5046 0.71654 0 0.432289 0 0.606531 0 
1 1 0 17.68 1.24 0 5.17293e-06 3.7296e-07 12.5046 5.17293e-06 3.7296e-07 12.5046 0.71654 0 0.432289 0 0.606531 0 
1 1 0 17.73 1.24 0 5.17293e-06 3.7296e-07 12.5046 5.17293e-06 3.7296e-07 12.5046 0.71654 0 0.432289 0 0.606531 0 
1 1 0 17.78 1.24 0 5.17293e-06 3.7296e-07 12.5046 5.17293e-06 3.7296e-07 12.5046 0.71654 0 0.432289 0 0.606531 0 
1 1 0 17.83 1.24 0 5.17293e-06 3.7296e-07 12.5046 5.17293e-06 3.7296e-07 12.5046 0.71654 0 0.432289 0 0.606531 0 
1 1 0 17.88 1.24 0 5.17293e-06 3.7296e-07 12.5046 5.17293e-06 3.7296e-07 12.5046 0.71654 0 0.432289 0 0.606531 0 
1 1 0 17.93 1.24 0 5.17293e-06 3.7296e-07 12.5046 5.17293e-06 3.7296e-07 12.5046 0.71654 0 0.432289 0 0.606531 0 
1 1 0 17.98 1.24 0 5.17293e-06 3.7296e-07 12.5046 5.17293e-06 3.7296e-07 12.5046 0.71654 0 0.432289 0 0.606531 0 
1 1 0 18.03 1.24 0 5.17293e-06 3.7296e-07 12.5046 5.17293e-06 3.7296e-07 12.5046 0.71654 0 0.432289 0 0.606531 0 
1 1 0 18.08 1.24 0 5.17293e-06 3.7296e-07 12.5046 5.17293e-06 3.7296e-07 12.5046 0.71654 0 0.432289 0 0.606531 0 
1 1 0 18.13 1.24 0 5.17293e-06 3.7296e-07 12.5046 5.17293e-06 3.7296e-07 12.5046 0.71654 0 0.432289 0 0.606531 0 
1 1 0 18.18 1.24 0 5.17293e-06 3.7296e-07 12.5046 5.17293e-06 3.7296e-07 12.5046 0.71654 0 0.432289 0 0.606531 0 
1 1 0 18.23 1.24 0 5.17293e-06 3.7296e-07 12.5046 5.17293e-06 3.7296e-07 12.5046 0.71654 0 0.432289 0 0.606531 0 
1 1 0 18.28 1.24 0 5.17293e-06 3.7296e-07 12.5046 5.17293e-06 3.7296e-07 12.5046 0.71654 0 0.432289 0 0.606531 0 
1 1 0 18.33 1.24 0 5.17293e-06 3.7296e-07 12.5046 5.17293e-06 3.7296e-07 12.5046 0.71654 0 0.432289 0 0.606531 0 
1 1 0 18.38 1.24 0 5.17294e-06 3.7296e-07 12.5046 5.17294e-06 3.7296e-07 12.5046 0.71654 0 0.432289 0 0.606531 0 
1 1 0 18.43 1.24 0 5.17294e-06 3.7296e-07 12.5046 5.17294e-06 3.7296e-07 12.5046 0.71654 0 0.432289 0 0.606531 0 
1 1 0 18.48 1.24 0 5.17294e-06 3.7296e-07 12.5046 5.17294e-06 3.7296e-07 12.5046 0.71654 0 0.432289 0 0.606531 0 
1 1 0 18.53 1.24 0 5.17294e-06 3.7296e-07 12.5046 5.17294e-06 3.7296e-07 12.5046 0.71654 0 0.432289 0 0.606531 0 
1 1 0 18.58 1.24 0 5.17294e-06 3.7296e-07 12.5046 5.17294e-06 3.7296e-07 12.5046 0.71654 0 0.432289 0 0.606531 0 
1 1 0 18.63 1.24 0 5.17294e-06 3.7296e-07 12.5046 5.17294e-06 3.7296e-07 12.5046 0.71654 0 0.432289 0 0.606531 0 
1 1 0 18.68 1.24 0 5.17294e-06 3.7296e-07 12.5046 5.17294e-06 3.7296e-07 12.5046 0.71654 0 0.432289 0 0.606531 0 
1 1 0 18.73 1.24 0 5.17294e-06 3.7296e-07 12.5046 5.17294e-06 3.7296e-07 12.5046 0.71654 0 0.432289 0 0.606531 0 
1 1 0 18.78 1.24 0 5.17294e-06 3.7296e-07 12.5046 5.17294e-06 3.7296e-07 12.5046 0.71654 0 0.432289 0 0.606531 0 
1 1 0 18.83 1.24 0 5.17294e-06 3.7296e-07 12.5046 5.17294e-06 3.7296e-07 12.5046 0.71654 0 0.432289 0 0.606531 0 
1 1 0 18.88 1.24 0 5.17294e-06 3.7296e-07 12.5046 5.17294e-06 3.7296e-07 12.5046 0.71654 0 0.432289 0 0.606531 0 
1 1 0 18.93 1.24 0 5.17294e-06 3.7296e-07 12.5046 5.17294e-06 3.7296e-07 12.5046 0.71654 0 0.432289 0 0.606531 0 
1 1 0 18.98 1.24 0 5.17294e-06 3.7296e-07 12.5046 5.17294e-06 3.7296e-07 12.5046 0.71654 0 0.432289 0 0.606531 0 
1 1 0 19.03 1.24 0 5.17294e-06 3.7296e-07 12.5046 5.17294e-06 3.7296e-07 12.5046 0.71654 0 0.432289 0 0.606531 0 
1 1 0 19.08 1.24 0 5.17294e-06 3.7296e-07 12.5046 5.17294e-06 3.7296e-07 12.5046 0.71654 0 0.432289 0 0.606531 0 
1 1 0 19.13 1.24 0 5.17294e-06 3.7296e-07 12.5046 5.17294e-06 3.7296e-07 12.5046 0.71654 0 0.432289 0 0.606531 0 
1 1 0 19.18 1.24 0 5.17295e-06 3.7296e-07 12.5046 5.17295e-06 3.7296e-07 12.5046 0.71654 0 0.432289 0 0.606531 0 
1 1 0 19.23 1.24 0 5.17295e-06 3.7296e-07 12.5046 5.17295e-06 3.7296e-07 12.5046 0.71654 0 0.432289 0 0.606531 0 
1 1 0 19.28 1.24 0 5.17295e-06 3.7296e-07 12.5046 5.17295e-06 3.7296e-07 12.5046 0.716541 0 0.432289 0 0.606531 0 
1 1 0 19.33 1.24 0 5.17295e-06 3.7296e-07 12.5046 5.17295e-06 3.7296e-07 12.5046 0.716541 0 0.432289 0 0.606531 0 
1 1 0 19.38 1.24 0 5.17295e-06 3.7296e-07 12.5046 5.17295e-06 3.7296e-07 12.5046 0.716541 0 0.432289 0 0.606531 0 
1 1 0 19.43 1.24 0 5.17295e-06 3.7296e-07 12.5046 5.17295e-06 3.7296e-07 12.5046 0.716541 0 0.432289 0 0.606531 0 
1 1 0 19.48 1.24 0 5.17295e-06 3.7296e-07 12.5046 5.17295e-06 3.7296e-07 12.5046 0.716541 0 0.432289 0 0.606531 0 
1 1 0 19.53 1.24 0 5.17295e-06 3.7296e-07 12.5046 5.17295e-06 3.7296e-07 12.5046 0.716541 0 0.432289 0 0.606531 0 
1 1 0 19.58 1.24 0 5.17295e-06 3.7296e-07 12.5046 5.17295e-06 3.7296e-07 12.5046 0.716541 0 0.432289 0 0.606531 0 
1 1 0 19.63 1.24 0 5.17295e-06 3.7296e-07 12.5046 5.17295e-06 3.7296e-07 12.5046 0.716541 0 0.432289 0 0.606531 0 
1 1 0 19.68 1.24 0 5.17295e-06 3.7296e-07 12.5046 5.17295e-06 3.7296e-07 12.5046 0.716541 0 0.432289 0 0.606531 0 
1 1 0 19.73 1.24 0 5.17295e-06 3.7296e-07 12.5046 5.17295e-06 3.7296e-07 12.5046 0.716541 0 0.432289 0 0.606531 0 
1 1 0 19.78 1.24 0 5.17295e-06 3.7296e-07 12.5046 5.17295e-06 3.7296e-07 12.5046 0.716541 0 0.432289 0 0.606531 0 
1 1 0 19.83 1.24 0 5.17295e-06 3.7296e-07 12.5046 5.17295e-06 3.7296e-07 12.5046 0.716541 0 0.432289 0 0.606531 0 
1 1 0 19.88 1.24 0 5.17295e-06 3.7296e-07 12.5046 5.17295e-06 3.7296e-07 12.5046 0.716541 0 0.432289 0 0.606531 0 
1 1 0 19.93 1.24 0 5.17295e-06 3.7296e-07 12.5046 5.17295e-06 3.7296e-07 12.5046 0.716541 0 0.432289 0 0.606531 0 
1 1 0 19.98 1.24 0 5.17296e-06 3.7296e-07 12.5046 5.17296e-06 3.7296e-07 12.5046 0.716541 0 0.432289 0 0.606531 0 
1 1 0 20.03 1.24 0 5.17296e-06 3.7296e-07 12.5046 5.17296e-06 3.7296e-07 12.5046 0.716541 0 0.432289 0 0.606531 0 
1 1 0 20.08 1.24 0 5.17296e-06 3.7296e-07 12.5046 5.17296e-06 3.7296e-07 12.5046 0.716541 0 0.432289 0 0.606531 0 
1 1 0 20.13 1.24 0 5.17296e-06 3.7296e-07 12.5046 5.17296e-06 3.7296e-07 12.5046 0.716541 0 0.432289 0 0.606531 0 
