5.69587 20.1 20.1 2 2 1
5.69576 20.0804 20.0804 2 2 1
5.69565 20.0608 20.0608 2 2 1
5.69542 20.0216 20.0216 2 2 1
5.69515 19.9727 19.9727 2 2 1
5.69487 19.9237 19.9237 2 2 1
5.69459 19.8748 19.8748 2 2 1
5.6943 19.8258 19.8258 2 2 1
5.69402 19.7769 19.7769 2 2 1
5.69374 19.728 19.728 2 2 1
5.69346 19.6792 19.6792 2 2 1
5.69317 19.6303 19.6303 2 2 1
5.69289 19.5814 19.5814 2 2 1
5.6926 19.5326 19.5326 2 2 1
5.69231 19.4838 19.4838 2 2 1
5.69203 19.4349 19.4349 2 2 1
5.69174 19.3861 19.3861 2 2 1
5.69145 19.3374 19.3374 2 2 1
5.69116 19.2886 19.2886 2 2 1
5.69087 19.2398 19.2398 2 2 1
5.69058 19.1911 19.1911 2 2 1
5.69028 19.1424 19.1424 2 2 1
5.68999 19.0937 19.0937 2 2 1
5.68969 19.045 19.045 2 2 1
5.6894 18.9963 18.9963 2 2 1
5.6891 18.9477 18.9477 2 2 1
5.68881 18.899 18.899 2 2 1
5.68851 18.8504 18.8504 2 2 1
5.68821 18.8018 18.8018 2 2 1
5.68791 18.7532 18.7532 2 2 1
5.68761 18.7047 18.7047 2 2 1
5.68731 18.6561 18.6561 2 2 1
5.68701 18.6076 18.6076 2 2 1
5.6867 18.5591 18.5591 2 2 1
5.6864 18.5106 18.5106 2 2 1
5.6861 18.4621 18.4621 2 2 1
5.68579 18.4137 18.4137 2 2 1
5.68548 18.3653 18.3653 2 2 1
5.68518 18.3169 18.3169 2 2 1
5.68487 18.2685 18.2685 2 2 1
5.68456 18.2201 18.2201 2 2 1
5.68425 18.1718 18.1718 2 2 1
5.68394 18.1234 18.1234 2 2 1
5.68363 18.0752 18.0752 2 2 1
5.68331 18.0269 18.0269 2 2 1
5.683 17.9786 17.9786 2 2 1
5.68268 17.9304 17.9304 2 2 1
5.68237 17.8822 17.8822 2 2 1
5.68205 17.834 17.834 2 2 1
5.68173 17.7859 17.7859 2 2 1
5.68142 17.7378 17.7378 2 2 1
5.6811 17.6896 17.6896 2 2 1
5.68078 17.6416 17.6416 2 2 1
5.68045 17.5935 17.5935 2 2 1
5.68013 17.5455 17.5455 2 2 1
5.67981 17.4975 17.4975 2 2 1
5.67948 17.4495 17.4495 2 2 1
5.67916 17.4016 17.4016 2 2 1
5.67883 17.3537 17.3537 2 2 1
5.67851 17.3058 17.3058 2 2 1
5.67818 17.258 17.258 2 2 1
5.67785 17.2102 17.2102 2 2 1
5.67752 17.1624 17.1624 2 2 1
5.67719 17.1146 17.1146 2 2 1
5.67685 17.0669 17.0669 2 2 1
5.67652 17.0192 17.0192 2 2 1
5.67619 16.9715 16.9715 2 2 1
5.67585 16.9239 16.9239 2 2 1
5.67552 16.8763 16.8763 2 2 1
5.67518 16.8288 16.8288 2 2 1
5.67484 16.7813 16.7813 2 2 1
5.6745 16.7338 16.7338 2 2 1
5.67416 16.6863 16.6863 2 2 1
5.67382 16.6389 16.6389 2 2 1
5.67348 16.5915 16.5915 2 2 1
5.67313 16.5442 16.5442 2 2 1
5.67279 16.4969 16.4969 2 2 1
5.67244 16.4496 16.4496 2 2 1
5.6721 16.4024 16.4024 2 2 1
5.67175 16.3552 16.3552 2 2 1
5.6714 16.3081 16.3081 2 2 1
5.67105 16.261 16.261 2 2 1
5.6707 16.214 16.214 2 2 1
5.67035 16.167 16.167 2 2 1
5.67 16.12 16.12 2 2 1
5.66964 16.0731 16.0731 2 2 1
5.66929 16.0262 16.0262 2 2 1
5.66893 15.9794 15.9794 2 2 1
5.66858 15.9326 15.9326 2 2 1
5.66822 15.8859 15.8859 2 2 1
5.66786 15.8392 15.8392 2 2 1
5.6675 15.7926 15.7926 2 2 1
5.66714 15.746 15.746 2 2 1
5.66677 15.6995 15.6995 2 2 1
5.66641 15.653 15.653 2 2 1
5.66605 15.6066 15.6066 2 2 1
5.66568 15.5602 15.5602 2 2 1
5.66531 15.5139 15.5139 2 2 1
5.66495 15.4677 15.4677 2 2 1
5.66458 15.4215 15.4215 2 2 1
5.66421 15.3753 15.3753 2 2 1
5.66384 15.3293 15.3293 2 2 1
5.66347 15.2833 15.2833 2 2 1
5.66309 15.2373 15.2373 2 2 1
5.66272 15.1914 15.1914 2 2 1
5.66234 15.1456 15.1456 2 2 1
5.66197 15.0998 15.0998 2 2 1
5.66159 15.0541 15.0541 2 2 1
5.66121 15.0085 15.0085 2 2 1
5.66083 14.9629 14.9629 2 2 1
5.66045 14.9174 14.9174 2 2 1
5.66007 14.872 14.872 2 2 1
5.65969 14.8266 14.8266 2 2 1
5.6593 14.7813 14.7813 2 2 1
5.65892 14.7361 14.7361 2 2 1
5.65853 14.691 14.691 2 2 1
5.65815 14.6459 14.6459 2 2 1
5.65776 14.6009 14.6009 2 2 1
5.65737 14.556 14.556 2 2 1
5.65698 14.5112 14.5112 2 2 1
5.65659 14.4665 14.4665 2 2 1
5.6562 14.4218 14.4218 2 2 1
5.65581 14.3772 14.3772 2 2 1
5.65541 14.3327 14.3327 2 2 1
5.65502 14.2883 14.2883 2 2 1
5.65462 14.244 14.244 2 2 1
5.65422 14.1998 14.1998 2 2 1
5.65383 14.1556 14.1556 2 2 1
5.65343 14.1116 14.1116 2 2 1
5.65303 14.0676 14.0676 2 2 1
5.65263 14.0237 14.0237 2 2 1
5.65222 13.98 13.98 2 2 1
5.65182 13.9363 13.9363 2 2 1
5.65142 13.8927 13.8927 2 2 1
5.65101 13.8493 13.8493 2 2 1
5.65061 13.8059 13.8059 2 2 1
5.6502 13.7626 13.7626 2 2 1
5.64979 13.7195 13.7195 2 2 1
5.64939 13.6764 13.6764 2 2 1
5.64898 13.6335 13.6335 2 2 1
5.64857 13.5906 13.5906 2 2 1
5.64816 13.5479 13.5479 2 2 1
5.64774 13.5053 13.5053 2 2 1
5.64733 13.4628 13.4628 2 2 1
5.64692 13.4204 13.4204 2 2 1
5.6465 13.3782 13.3782 2 2 1
5.64609 13.336 13.336 2 2 1
5.64567 13.294 13.294 2 2 1
5.64526 13.2521 13.2521 2 2 1
5.64484 13.2104 13.2104 2 2 1
5.64442 13.1687 13.1687 2 2 1
5.644 13.1272 13.1272 2 2 1
5.64358 13.0858 13.0858 2 2 1
5.64316 13.0446 13.0446 2 2 1
5.64274 13.0034 13.0034 2 2 1
5.64232 12.9624 12.9624 2 2 1
5.6419 12.9216 12.9216 2 2 1
5.64147 12.8809 12.8809 2 2 1
5.64105 12.8403 12.8403 2 2 1
5.64062 12.7999 12.7999 2 2 1
5.6402 12.7596 12.7596 2 2 1
5.63977 12.7195 12.7195 2 2 1
5.63935 12.6795 12.6795 2 2 1
5.63892 12.6396 12.6396 2 2 1
5.63849 12.5999 12.5999 2 2 1
5.63807 12.5604 12.5604 2 2 1
5.63764 12.521 12.521 2 2 1
5.63721 12.4817 12.4817 2 2 1
5.63678 12.4427 12.4427 2 2 1
5.63635 12.4038 12.4038 2 2 1
5.63592 12.365 12.365 2 2 1
5.63549 12.3264 12.3264 2 2 1
5.63506 12.288 12.288 2 2 1
5.63463 12.2497 12.2497 2 2 1
5.6342 12.2116 12.2116 2 2 1
5.63377 12.1737 12.1737 2 2 1
5.63334 12.1359 12.1359 2 2 1
5.6329 12.0983 12.0983 2 2 1
5.63247 12.0609 12.0609 2 2 1
5.63204 12.0237 12.0237 2 2 1
5.63161 11.9866 11.9866 2 2 1
5.63117 11.9497 11.9497 2 2 1
5.63074 11.913 11.913 2 2 1
5.63031 11.8765 11.8765 2 2 1
5.62987 11.8401 11.8401 2 2 1
5.62944 11.8039 11.8039 2 2 1
5.62901 11.768 11.768 2 2 1
5.62858 11.7322 11.7322 2 2 1
5.62814 11.6965 11.6965 2 2 1
5.62771 11.6611 11.6611 2 2 1
5.62728 11.6259 11.6259 2 2 1
5.62684 11.5908 11.5908 2 2 1
5.62641 11.556 11.556 2 2 1
5.62598 11.5213 11.5213 2 2 1
5.62555 11.4869 11.4869 2 2 1
5.62511 11.4526 11.4526 2 2 1
5.62468 11.4185 11.4185 2 2 1
5.62425 11.3847 11.3847 2 2 1
5.62382 11.351 11.351 2 2 1
5.62339 11.3175 11.3175 2 2 1
5.62296 11.2842 11.2842 2 2 1
5.62253 11.2511 11.2511 2 2 1
5.6221 11.2182 11.2182 2 2 1
5.62167 11.1856 11.1856 2 2 1
5.62124 11.1531 11.1531 2 2 1
5.62081 11.1208 11.1208 2 2 1
5.62038 11.0887 11.0887 2 2 1
5.61995 11.0569 11.0569 2 2 1
5.61952 11.0252 11.0252 2 2 1
5.6191 10.9937 10.9937 2 2 1
5.61867 10.9625 10.9625 2 2 1
5.61825 10.9314 10.9314 2 2 1
5.61782 10.9006 10.9006 2 2 1
5.6174 10.8699 10.8699 2 2 1
5.61697 10.8395 10.8395 2 2 1
5.61655 10.8093 10.8093 2 2 1
5.61613 10.7792 10.7792 2 2 1
5.61571 10.7494 10.7494 2 2 1
5.61529 10.7198 10.7198 2 2 1
5.61487 10.6904 10.6904 2 2 1
5.61445 10.6612 10.6612 2 2 1
5.61403 10.6322 10.6322 2 2 1
5.61361 10.6034 10.6034 2 2 1
5.61319 10.5749 10.5749 2 2 1
5.61278 10.5465 10.5465 2 2 1
5.61236 10.5183 10.5183 2 2 1
5.61195 10.4904 10.4904 2 2 1
5.61153 10.4626 10.4626 2 2 1
5.61112 10.4351 10.4351 2 2 1
5.61071 10.4077 10.4077 2 2 1
5.6103 10.3806 10.3806 2 2 1
5.60989 10.3536 10.3536 2 2 1
5.60948 10.3269 10.3269 2 2 1
5.60907 10.3004 10.3004 2 2 1
5.60867 10.274 10.274 2 2 1
5.60826 10.2479 10.2479 2 2 1
5.60786 10.222 10.222 2 2 1
5.60745 10.1963 10.1963 2 2 1
5.60705 10.1707 10.1707 2 2 1
5.60665 10.1454 10.1454 2 2 1
5.60625 10.1203 10.1203 2 2 1
5.60585 10.0953 10.0953 2 2 1
5.60545 10.0706 10.0706 2 2 1
5.60506 10.0461 10.0461 2 2 1
5.60466 10.0217 10.0217 2 2 1
5.60427 9.99755 9.99755 2 2 1
5.60388 9.97359 9.97359 2 2 1
5.60348 9.94982 9.94982 2 2 1
5.60309 9.92624 9.92624 2 2 1
5.6027 9.90285 9.90285 2 2 1
5.60232 9.87966 9.87966 2 2 1
5.60193 9.85665 9.85665 2 2 1
5.60154 9.83382 9.83382 2 2 1
5.60116 9.81119 9.81119 2 2 1
5.60077 9.78873 9.78873 2 2 1
5.60039 9.76647 9.76647 2 2 1
5.60001 9.74438 9.74438 2 2 1
5.59963 9.72248 9.72248 2 2 1
5.59925 9.70076 9.70076 2 2 1
5.59888 9.67922 9.67922 2 2 1
5.5985 9.65785 9.65785 2 2 1
5.59813 9.63666 9.63666 2 2 1
5.59775 9.61565 9.61565 2 2 1
5.59738 9.59482 9.59482 2 2 1
5.59701 9.57416 9.57416 2 2 1
5.59664 9.55367 9.55367 2 2 1
5.59628 9.53335 9.53335 2 2 1
5.59591 9.51321 9.51321 2 2 1
5.59554 9.49323 9.49323 2 2 1
5.59518 9.47342 9.47342 2 2 1
5.59482 9.45377 9.45377 2 2 1
5.59446 9.43429 9.43429 2 2 1
5.5941 9.41498 9.41498 2 2 1
5.59374 9.39583 9.39583 2 2 1
5.59338 9.37684 9.37684 2 2 1
5.59303 9.35801 9.35801 2 2 1
5.59267 9.33935 9.33935 2 2 1
5.59232 9.32083 9.32083 2 2 1
5.59197 9.30248 9.30248 2 2 1
5.59162 9.28428 9.28428 2 2 1
5.59127 9.26624 9.26624 2 2 1
5.59092 9.24835 9.24835 2 2 1
5.59057 9.23061 9.23061 2 2 1
5.59023 9.21302 9.21302 2 2 1
5.58989 9.19558 9.19558 2 2 1
5.58954 9.17829 9.17829 2 2 1
5.5892 9.16114 9.16114 2 2 1
5.58886 9.14414 9.14414 2 2 1
5.58852 9.12729 9.12729 2 2 1
5.58819 9.11058 9.11058 2 2 1
5.58785 9.09401 9.09401 2 2 1
5.58752 9.07758 9.07758 2 2 1
5.58719 9.0613 9.0613 2 2 1
5.58685 9.04515 9.04515 2 2 1
5.58652 9.02913 9.02913 2 2 1
5.58619 9.01326 9.01326 2 2 1
5.58587 8.99751 8.99751 2 2 1
5.58554 8.98191 8.98191 2 2 1
5.58522 8.96643 8.96643 2 2 1
5.58489 8.95109 8.95109 2 2 1
5.58457 8.93587 8.93587 2 2 1
5.58425 8.92079 8.92079 2 2 1
5.58393 8.90583 8.90583 2 2 1
5.58361 8.891 8.891 2 2 1
5.58329 8.87629 8.87629 2 2 1
5.58298 8.86171 8.86171 2 2 1
5.58266 8.84725 8.84725 2 2 1
5.58235 8.83292 8.83292 2 2 1
5.58204 8.81871 8.81871 2 2 1
5.58173 8.80461 8.80461 2 2 1
5.58142 8.79064 8.79064 2 2 1
5.58111 8.77678 8.77678 2 2 1
5.5808 8.76304 8.76304 2 2 1
5.5805 8.74941 8.74941 2 2 1
5.58019 8.7359 8.7359 2 2 1
5.57989 8.7225 8.7225 2 2 1
5.57959 8.70922 8.70922 2 2 1
5.57929 8.69604 8.69604 2 2 1
5.57899 8.68298 8.68298 2 2 1
5.57869 8.67003 8.67003 2 2 1
5.5784 8.65718 8.65718 2 2 1
5.5781 8.64444 8.64444 2 2 1
5.57781 8.63181 8.63181 2 2 1
5.57751 8.61929 8.61929 2 2 1
5.57722 8.60686 8.60686 2 2 1
5.57693 8.59454 8.59454 2 2 1
5.57664 8.58233 8.58233 2 2 1
5.57635 8.57021 8.57021 2 2 1
5.57607 8.5582 8.5582 2 2 1
5.57578 8.54628 8.54628 2 2 1
5.5755 8.53447 8.53447 2 2 1
5.57521 8.52275 8.52275 2 2 1
5.57493 8.51113 8.51113 2 2 1
5.57465 8.4996 8.4996 2 2 1
5.57437 8.48817 8.48817 2 2 1
5.57409 8.47683 8.47683 2 2 1
5.57381 8.46559 8.46559 2 2 1
5.57354 8.45444 8.45444 2 2 1
5.57326 8.44338 8.44338 2 2 1
5.57299 8.43241 8.43241 2 2 1
5.57271 8.42153 8.42153 2 2 1
5.57244 8.41074 8.41074 2 2 1
5.57217 8.40003 8.40003 2 2 1
5.5719 8.38942 8.38942 2 2 1
5.57163 8.37889 8.37889 2 2 1
5.57137 8.36845 8.36845 2 2 1
5.5711 8.35809 8.35809 2 2 1
5.57084 8.34781 8.34781 2 2 1
5.57057 8.33762 8.33762 2 2 1
5.57031 8.32751 8.32751 2 2 1
5.57005 8.31748 8.31748 2 2 1
5.56979 8.30754 8.30754 2 2 1
5.56953 8.29767 8.29767 2 2 1
5.56927 8.28788 8.28788 2 2 1
5.56901 8.27818 8.27818 2 2 1
5.56876 8.26854 8.26854 2 2 1
5.5685 8.25899 8.25899 2 2 1
5.56825 8.24951 8.24951 2 2 1
5.56799 8.24011 8.24011 2 2 1
5.56774 8.23079 8.23079 2 2 1
5.56749 8.22154 8.22154 2 2 1
5.56724 8.21236 8.21236 2 2 1
5.56699 8.20325 8.20325 2 2 1
5.56674 8.19422 8.19422 2 2 1
5.5665 8.18526 8.18526 2 2 1
5.56625 8.17637 8.17637 2 2 1
5.56601 8.16755 8.16755 2 2 1
5.56576 8.1588 8.1588 2 2 1
5.56552 8.15012 8.15012 2 2 1
5.56528 8.1415 8.1415 2 2 1
5.56504 8.13296 8.13296 2 2 1
5.5648 8.12448 8.12448 2 2 1
5.56456 8.11607 8.11607 2 2 1
5.56432 8.10772 8.10772 2 2 1
5.56409 8.09944 8.09944 2 2 1
5.56385 8.09122 8.09122 2 2 1
5.56362 8.08307 8.08307 2 2 1
5.56338 8.07498 8.07498 2 2 1
5.56315 8.06696 8.06696 2 2 1
5.56292 8.05899 8.05899 2 2 1
5.56269 8.05109 8.05109 2 2 1
5.56246 8.04325 8.04325 2 2 1
5.56223 8.03547 8.03547 2 2 1
5.562 8.02775 8.02775 2 2 1
5.56177 8.02009 8.02009 2 2 1
5.56155 8.01249 8.01249 2 2 1
5.56132 8.00495 8.00495 2 2 1
5.5611 7.99747 7.99747 2 2 1
5.56087 7.99004 7.99004 2 2 1
5.56065 7.98267 7.98267 2 2 1
5.56043 7.97535 7.97535 2 2 1
5.56021 7.9681 7.9681 2 2 1
5.55999 7.96089 7.96089 2 2 1
5.55977 7.95375 7.95375 2 2 1
5.55955 7.94665 7.94665 2 2 1
5.55933 7.93961 7.93961 2 2 1
5.55912 7.93263 7.93263 2 2 1
5.5589 7.92569 7.92569 2 2 1
5.55869 7.91881 7.91881 2 2 1
5.55848 7.91198 7.91198 2 2 1
5.55826 7.90521 7.90521 2 2 1
5.55805 7.89848 7.89848 2 2 1
5.55784 7.89181 7.89181 2 2 1
5.55763 7.88518 7.88518 2 2 1
5.55742 7.8786 7.8786 2 2 1
5.55721 7.87208 7.87208 2 2 1
5.557 7.8656 7.8656 2 2 1
5.5568 7.85917 7.85917 2 2 1
5.55659 7.85279 7.85279 2 2 1
5.55639 7.84646 7.84646 2 2 1
5.55618 7.84017 7.84017 2 2 1
5.55598 7.83393 7.83393 2 2 1
5.55578 7.82774 7.82774 2 2 1
5.55558 7.82159 7.82159 2 2 1
5.55537 7.81549 7.81549 2 2 1
5.55517 7.80943 7.80943 2 2 1
5.55497 7.80342 7.80342 2 2 1
5.55478 7.79745 7.79745 2 2 1
5.55458 7.79153 7.79153 2 2 1
5.55438 7.78565 7.78565 2 2 1
5.55419 7.77981 7.77981 2 2 1
5.55399 7.77402 7.77402 2 2 1
5.5538 7.76827 7.76827 2 2 1
5.5536 7.76256 7.76256 2 2 1
5.55341 7.75689 7.75689 2 2 1
5.55322 7.75127 7.75127 2 2 1
5.55303 7.74568 7.74568 2 2 1
5.55283 7.74014 7.74014 2 2 1
5.55264 7.73463 7.73463 2 2 1
5.55246 7.72917 7.72917 2 2 1
5.55227 7.72374 7.72374 2 2 1
5.55208 7.71836 7.71836 2 2 1
5.55189 7.71301 7.71301 2 2 1
5.55171 7.70771 7.70771 2 2 1
5.55152 7.70244 7.70244 2 2 1
5.55134 7.69721 7.69721 2 2 1
5.55115 7.69201 7.69201 2 2 1
5.55097 7.68686 7.68686 2 2 1
5.55079 7.68174 7.68174 2 2 1
5.55061 7.67665 7.67665 2 2 1
5.55042 7.67161 7.67161 2 2 1
5.55024 7.6666 7.6666 2 2 1
5.55006 7.66163 7.66163 2 2 1
5.54989 7.65669 7.65669 2 2 1
5.54971 7.65178 7.65178 2 2 1
5.54953 7.64692 7.64692 2 2 1
5.54935 7.64208 7.64208 2 2 1
5.54918 7.63728 7.63728 2 2 1
5.549 7.63252 7.63252 2 2 1
5.54883 7.62779 7.62779 2 2 1
5.54865 7.62309 7.62309 2 2 1
5.54848 7.61843 7.61843 2 2 1
5.54831 7.61379 7.61379 2 2 1
5.54813 7.6092 7.6092 2 2 1
5.54796 7.60463 7.60463 2 2 1
5.54779 7.6001 7.6001 2 2 1
5.54762 7.59559 7.59559 2 2 1
5.54745 7.59112 7.59112 2 2 1
5.54729 7.58668 7.58668 2 2 1
5.54712 7.58228 7.58228 2 2 1
5.54695 7.5779 7.5779 2 2 1
5.54678 7.57355 7.57355 2 2 1
5.54662 7.56924 7.56924 2 2 1
5.54645 7.56495 7.56495 2 2 1
5.54629 7.56069 7.56069 2 2 1
5.54612 7.55647 7.55647 2 2 1
5.54596 7.55227 7.55227 2 2 1
5.5458 7.5481 7.5481 2 2 1
5.54563 7.54396 7.54396 2 2 1
5.54547 7.53985 7.53985 2 2 1
5.54531 7.53577 7.53577 2 2 1
5.54515 7.53172 7.53172 2 2 1
5.54499 7.52769 7.52769 2 2 1
5.54483 7.5237 7.5237 2 2 1
5.54468 7.51972 7.51972 2 2 1
5.54452 7.51578 7.51578 2 2 1
5.54436 7.51187 7.51187 2 2 1
5.5442 7.50798 7.50798 2 2 1
5.54405 7.50412 7.50412 2 2 1
5.54389 7.50028 7.50028 2 2 1
5.54374 7.49647 7.49647 2 2 1
5.54358 7.49269 7.49269 2 2 1
5.54343 7.48893 7.48893 2 2 1
5.54328 7.4852 7.4852 2 2 1
5.54313 7.48149 7.48149 2 2 1
5.54297 7.47781 7.47781 2 2 1
5.54282 7.47416 7.47416 2 2 1
5.54267 7.47053 7.47053 2 2 1
5.54252 7.46692 7.46692 2 2 1
5.54237 7.46334 7.46334 2 2 1
5.54222 7.45978 7.45978 2 2 1
5.54208 7.45625 7.45625 2 2 1
5.54193 7.45274 7.45274 2 2 1
5.54178 7.44926 7.44926 2 2 1
5.54163 7.44579 7.44579 2 2 1
5.54149 7.44235 7.44235 2 2 1
5.54134 7.43894 7.43894 2 2 1
5.5412 7.43555 7.43555 2 2 1
5.54105 7.43218 7.43218 2 2 1
5.54091 7.42883 7.42883 2 2 1
5.54077 7.42551 7.42551 2 2 1
5.54062 7.42221 7.42221 2 2 1
5.54048 7.41893 7.41893 2 2 1
5.54034 7.41567 7.41567 2 2 1
5.5402 7.41243 7.41243 2 2 1
5.54006 7.40922 7.40922 2 2 1
5.53992 7.40603 7.40603 2 2 1
5.53978 7.40285 7.40285 2 2 1
5.53964 7.3997 7.3997 2 2 1
5.5395 7.39657 7.39657 2 2 1
5.53936 7.39347 7.39347 2 2 1
5.53923 7.39038 7.39038 2 2 1
5.53909 7.38731 7.38731 2 2 1
5.53895 7.38426 7.38426 2 2 1
5.53882 7.38124 7.38124 2 2 1
5.53868 7.37823 7.37823 2 2 1
5.53855 7.37525 7.37525 2 2 1
5.53841 7.37228 7.37228 2 2 1
5.53828 7.36933 7.36933 2 2 1
5.53815 7.3664 7.3664 2 2 1
5.53801 7.3635 7.3635 2 2 1
5.53788 7.36061 7.36061 2 2 1
5.53775 7.35774 7.35774 2 2 1
5.53762 7.35489 7.35489 2 2 1
5.53749 7.35205 7.35205 2 2 1
5.53736 7.34924 7.34924 2 2 1
5.53723 7.34644 7.34644 2 2 1
5.5371 7.34367 7.34367 2 2 1
5.53697 7.34091 7.34091 2 2 1
5.53684 7.33817 7.33817 2 2 1
5.53671 7.33545 7.33545 2 2 1
5.53659 7.33274 7.33274 2 2 1
5.53646 7.33005 7.33005 2 2 1
5.53633 7.32738 7.32738 2 2 1
5.53621 7.32473 7.32473 2 2 1
5.53608 7.3221 7.3221 2 2 1
5.53596 7.31948 7.31948 2 2 1
5.53583 7.31688 7.31688 2 2 1
5.53571 7.31429 7.31429 2 2 1
5.53559 7.31173 7.31173 2 2 1
5.53546 7.30918 7.30918 2 2 1
5.53534 7.30664 7.30664 2 2 1
5.53522 7.30413 7.30413 2 2 1
5.5351 7.30163 7.30163 2 2 1
5.53498 7.29914 7.29914 2 2 1
5.53486 7.29667 7.29667 2 2 1
5.53474 7.29422 7.29422 2 2 1
5.53462 7.29178 7.29178 2 2 1
5.5345 7.28936 7.28936 2 2 1
5.53438 7.28696 7.28696 2 2 1
5.53426 7.28457 7.28457 2 2 1
5.53414 7.28219 7.28219 2 2 1
5.53402 7.27983 7.27983 2 2 1
5.53391 7.27749 7.27749 2 2 1
5.53379 7.27516 7.27516 2 2 1
5.53367 7.27285 7.27285 2 2 1
5.53356 7.27055 7.27055 2 2 1
5.53344 7.26826 7.26826 2 2 1
5.53333 7.26599 7.26599 2 2 1
5.53321 7.26374 7.26374 2 2 1
5.5331 7.2615 7.2615 2 2 1
5.53299 7.25927 7.25927 2 2 1
5.53287 7.25706 7.25706 2 2 1
5.53276 7.25486 7.25486 2 2 1
5.53265 7.25268 7.25268 2 2 1
5.53253 7.25051 7.25051 2 2 1
5.53242 7.24835 7.24835 2 2 1
5.53231 7.24621 7.24621 2 2 1
5.5322 7.24408 7.24408 2 2 1
5.53209 7.24196 7.24196 2 2 1
5.53198 7.23986 7.23986 2 2 1
5.53187 7.23777 7.23777 2 2 1
5.53176 7.2357 7.2357 2 2 1
5.53165 7.23364 7.23364 2 2 1
5.53155 7.23159 7.23159 2 2 1
5.53144 7.22955 7.22955 2 2 1
5.53133 7.22753 7.22753 2 2 1
5.53122 7.22552 7.22552 2 2 1
5.53112 7.22352 7.22352 2 2 1
5.53101 7.22154 7.22154 2 2 1
5.53091 7.21956 7.21956 2 2 1
5.5308 7.2176 7.2176 2 2 1
5.53069 7.21566 7.21566 2 2 1
5.53059 7.21372 7.21372 2 2 1
5.53049 7.2118 7.2118 2 2 1
5.53038 7.20989 7.20989 2 2 1
5.53028 7.20799 7.20799 2 2 1
5.53018 7.2061 7.2061 2 2 1
5.53007 7.20423 7.20423 2 2 1
5.52997 7.20236 7.20236 2 2 1
5.52987 7.20051 7.20051 2 2 1
5.52977 7.19867 7.19867 2 2 1
5.52967 7.19684 7.19684 2 2 1
5.52957 7.19503 7.19503 2 2 1
5.52946 7.19322 7.19322 2 2 1
5.52936 7.19143 7.19143 2 2 1
5.52927 7.18964 7.18964 2 2 1
5.52917 7.18787 7.18787 2 2 1
5.52907 7.18611 7.18611 2 2 1
5.52897 7.18436 7.18436 2 2 1
5.52887 7.18262 7.18262 2 2 1
5.52877 7.18089 7.18089 2 2 1
5.52867 7.17918 7.17918 2 2 1
5.52858 7.17747 7.17747 2 2 1
5.52848 7.17577 7.17577 2 2 1
5.52838 7.17409 7.17409 2 2 1
5.52829 7.17241 7.17241 2 2 1
5.52819 7.17075 7.17075 2 2 1
5.5281 7.1691 7.1691 2 2 1
5.528 7.16745 7.16745 2 2 1
5.52791 7.16582 7.16582 2 2 1
5.52781 7.16419 7.16419 2 2 1
5.52772 7.16258 7.16258 2 2 1
5.52763 7.16098 7.16098 2 2 1
5.52753 7.15938 7.15938 2 2 1
5.52744 7.1578 7.1578 2 2 1
5.52735 7.15623 7.15623 2 2 1
5.52726 7.15466 7.15466 2 2 1
5.52716 7.15311 7.15311 2 2 1
5.52707 7.15156 7.15156 2 2 1
5.52698 7.15003 7.15003 2 2 1
5.52689 7.1485 7.1485 2 2 1
5.5268 7.14699 7.14699 2 2 1
5.52671 7.14548 7.14548 2 2 1
5.52662 7.14398 7.14398 2 2 1
5.52653 7.14249 7.14249 2 2 1
5.52644 7.14101 7.14101 2 2 1
5.52635 7.13954 7.13954 2 2 1
5.52626 7.13808 7.13808 2 2 1
5.52618 7.13663 7.13663 2 2 1
5.52609 7.13519 7.13519 2 2 1
5.526 7.13375 7.13375 2 2 1
5.52591 7.13233 7.13233 2 2 1
5.52583 7.13091 7.13091 2 2 1
5.52574 7.1295 7.1295 2 2 1
5.52565 7.1281 7.1281 2 2 1
5.52557 7.12671 7.12671 2 2 1
5.52548 7.12533 7.12533 2 2 1
5.5254 7.12396 7.12396 2 2 1
5.52531 7.12259 7.12259 2 2 1
5.52523 7.12124 7.12124 2 2 1
5.52514 7.11989 7.11989 2 2 1
5.52506 7.11855 7.11855 2 2 1
5.52497 7.11721 7.11721 2 2 1
5.52489 7.11589 7.11589 2 2 1
5.52481 7.11457 7.11457 2 2 1
5.52473 7.11327 7.11327 2 2 1
5.52464 7.11197 7.11197 2 2 1
5.52456 7.11067 7.11067 2 2 1
5.52448 7.10939 7.10939 2 2 1
5.5244 7.10811 7.10811 2 2 1
5.52432 7.10684 7.10684 2 2 1
5.52423 7.10558 7.10558 2 2 1
5.52415 7.10433 7.10433 2 2 1
5.52407 7.10308 7.10308 2 2 1
5.52399 7.10185 7.10185 2 2 1
5.52391 7.10062 7.10062 2 2 1
5.52383 7.09939 7.09939 2 2 1
5.52376 7.09818 7.09818 2 2 1
5.52368 7.09697 7.09697 2 2 1
5.5236 7.09577 7.09577 2 2 1
5.52352 7.09458 7.09458 2 2 1
5.52344 7.09339 7.09339 2 2 1
5.52336 7.09221 7.09221 2 2 1
5.52329 7.09104 7.09104 2 2 1
5.52321 7.08987 7.08987 2 2 1
5.52313 7.08872 7.08872 2 2 1
5.52306 7.08756 7.08756 2 2 1
5.52298 7.08642 7.08642 2 2 1
5.5229 7.08528 7.08528 2 2 1
5.52283 7.08415 7.08415 2 2 1
5.52275 7.08303 7.08303 2 2 1
5.52268 7.08191 7.08191 2 2 1
5.5226 7.0808 7.0808 2 2 1
5.52253 7.0797 7.0797 2 2 1
5.52245 7.07861 7.07861 2 2 1
5.52238 7.07752 7.07752 2 2 1
5.5223 7.07643 7.07643 2 2 1
5.52223 7.07536 7.07536 2 2 1
5.52216 7.07429 7.07429 2 2 1
5.52208 7.07322 7.07322 2 2 1
5.52201 7.07216 7.07216 2 2 1
5.52194 7.07111 7.07111 2 2 1
5.52187 7.07007 7.07007 2 2 1
5.5218 7.06903 7.06903 2 2 1
5.52172 7.068 7.068 2 2 1
5.52165 7.06697 7.06697 2 2 1
5.52158 7.06595 7.06595 2 2 1
5.52151 7.06494 7.06494 2 2 1
5.52144 7.06393 7.06393 2 2 1
5.52137 7.06293 7.06293 2 2 1
5.5213 7.06194 7.06194 2 2 1
5.52123 7.06095 7.06095 2 2 1
5.52116 7.05996 7.05996 2 2 1
5.52109 7.05899 7.05899 2 2 1
5.52102 7.05801 7.05801 2 2 1
5.52095 7.05705 7.05705 2 2 1
5.52088 7.05609 7.05609 2 2 1
5.52082 7.05513 7.05513 2 2 1
5.52075 7.05418 7.05418 2 2 1
5.52068 7.05324 7.05324 2 2 1
5.52061 7.0523 7.0523 2 2 1
5.52054 7.05137 7.05137 2 2 1
5.52048 7.05045 7.05045 2 2 1
5.52041 7.04953 7.04953 2 2 1
5.52034 7.04861 7.04861 2 2 1
5.52028 7.0477 7.0477 2 2 1
5.52021 7.0468 7.0468 2 2 1
5.52015 7.0459 7.0459 2 2 1
5.52008 7.045 7.045 2 2 1
5.52001 7.04412 7.04412 2 2 1
5.51995 7.04323 7.04323 2 2 1
5.51988 7.04236 7.04236 2 2 1
5.51982 7.04148 7.04148 2 2 1
5.51976 7.04062 7.04062 2 2 1
5.51969 7.03976 7.03976 2 2 1
5.51963 7.0389 7.0389 2 2 1
5.51956 7.03805 7.03805 2 2 1
5.5195 7.0372 7.0372 2 2 1
5.51944 7.03636 7.03636 2 2 1
5.51937 7.03552 7.03552 2 2 1
5.51931 7.03469 7.03469 2 2 1
5.51925 7.03386 7.03386 2 2 1
5.51919 7.03304 7.03304 2 2 1
5.51912 7.03223 7.03223 2 2 1
5.51906 7.03141 7.03141 2 2 1
5.519 7.03061 7.03061 2 2 1
5.51894 7.0298 7.0298 2 2 1
5.51888 7.02901 7.02901 2 2 1
5.51882 7.02821 7.02821 2 2 1
5.51876 7.02743 7.02743 2 2 1
5.5187 7.02664 7.02664 2 2 1
5.51864 7.02586 7.02586 2 2 1
5.51858 7.02509 7.02509 2 2 1
5.51852 7.02432 7.02432 2 2 1
5.51846 7.02355 7.02355 2 2 1
5.5184 7.02279 7.02279 2 2 1
5.51834 7.02204 7.02204 2 2 1
5.51828 7.02129 7.02129 2 2 1
5.51822 7.02054 7.02054 2 2 1
5.51816 7.0198 7.0198 2 2 1
5.5181 7.01906 7.01906 2 2 1
5.51805 7.01833 7.01833 2 2 1
5.51799 7.0176 7.0176 2 2 1
5.51793 7.01687 7.01687 2 2 1
5.51787 7.01615 7.01615 2 2 1
5.51782 7.01543 7.01543 2 2 1
5.51776 7.01472 7.01472 2 2 1
5.5177 7.01401 7.01401 2 2 1
5.51765 7.01331 7.01331 2 2 1
5.51759 7.01261 7.01261 2 2 1
5.51753 7.01191 7.01191 2 2 1
5.51748 7.01122 7.01122 2 2 1
5.51742 7.01053 7.01053 2 2 1
5.51737 7.00985 7.00985 2 2 1
5.51731 7.00917 7.00917 2 2 1
5.51726 7.0085 7.0085 2 2 1
5.5172 7.00782 7.00782 2 2 1
5.51715 7.00716 7.00716 2 2 1
5.51709 7.00649 7.00649 2 2 1
5.51704 7.00583 7.00583 2 2 1
5.51698 7.00518 7.00518 2 2 1
5.51693 7.00453 7.00453 2 2 1
5.51687 7.00388 7.00388 2 2 1
5.51682 7.00323 7.00323 2 2 1
5.51677 7.00259 7.00259 2 2 1
5.51671 7.00196 7.00196 2 2 1
5.51666 7.00132 7.00132 2 2 1
5.51661 7.0007 7.0007 2 2 1
5.51656 7.00007 7.00007 2 2 1
5.5165 6.99945 6.99945 2 2 1
5.51645 6.99883 6.99883 2 2 1
5.5164 6.99822 6.99822 2 2 1
5.51635 6.99761 6.99761 2 2 1
5.5163 6.997 6.997 2 2 1
5.51625 6.99639 6.99639 2 2 1
5.51619 6.99579 6.99579 2 2 1
5.51614 6.9952 6.9952 2 2 1
5.51609 6.99461 6.99461 2 2 1
5.51604 6.99402 6.99402 2 2 1
5.51599 6.99343 6.99343 2 2 1
5.51594 6.99285 6.99285 2 2 1
5.51589 6.99227 6.99227 2 2 1
5.51584 6.99169 6.99169 2 2 1
5.51579 6.99112 6.99112 2 2 1
5.51574 6.99055 6.99055 2 2 1
5.51569 6.98998 6.98998 2 2 1
5.51564 6.98942 6.98942 2 2 1
5.51559 6.98886 6.98886 2 2 1
5.51555 6.98831 6.98831 2 2 1
5.5155 6.98776 6.98776 2 2 1
5.51545 6.98721 6.98721 2 2 1
5.5154 6.98666 6.98666 2 2 1
5.51535 6.98612 6.98612 2 2 1
5.5153 6.98558 6.98558 2 2 1
5.51526 6.98504 6.98504 2 2 1
5.51521 6.98451 6.98451 2 2 1
5.51516 6.98398 6.98398 2 2 1
5.51511 6.98345 6.98345 2 2 1
5.51507 6.98293 6.98293 2 2 1
5.51502 6.9824 6.9824 2 2 1
5.51497 6.98189 6.98189 2 2 1
5.51493 6.98137 6.98137 2 2 1
5.51488 6.98086 6.98086 2 2 1
5.51483 6.98035 6.98035 2 2 1
5.51479 6.97985 6.97985 2 2 1
5.51474 6.97934 6.97934 2 2 1
5.5147 6.97884 6.97884 2 2 1
5.51465 6.97835 6.97835 2 2 1
5.51461 6.97785 6.97785 2 2 1
5.51456 6.97736 6.97736 2 2 1
5.51452 6.97687 6.97687 2 2 1
5.51447 6.97639 6.97639 2 2 1
5.51443 6.9759 6.9759 2 2 1
5.51438 6.97542 6.97542 2 2 1
5.51434 6.97495 6.97495 2 2 1
5.51429 6.97447 6.97447 2 2 1
5.51425 6.974 6.974 2 2 1
5.51421 6.97353 6.97353 2 2 1
5.51416 6.97307 6.97307 2 2 1
5.51412 6.9726 6.9726 2 2 1
5.51408 6.97214 6.97214 2 2 1
5.51403 6.97168 6.97168 2 2 1
5.51399 6.97123 6.97123 2 2 1
5.51395 6.97078 6.97078 2 2 1
5.5139 6.97033 6.97033 2 2 1
5.51386 6.96988 6.96988 2 2 1
5.51382 6.96944 6.96944 2 2 1
5.51378 6.96899 6.96899 2 2 1
5.51373 6.96855 6.96855 2 2 1
5.51369 6.96812 6.96812 2 2 1
5.51365 6.96768 6.96768 2 2 1
5.51361 6.96725 6.96725 2 2 1
5.51357 6.96682 6.96682 2 2 1
5.51353 6.9664 6.9664 2 2 1
5.51349 6.96597 6.96597 2 2 1
5.51344 6.96555 6.96555 2 2 1
5.5134 6.96513 6.96513 2 2 1
5.51336 6.96471 6.96471 2 2 1
5.51332 6.9643 6.9643 2 2 1
5.51328 6.96389 6.96389 2 2 1
5.51324 6.96348 6.96348 2 2 1
5.5132 6.96307 6.96307 2 2 1
5.51316 6.96266 6.96266 2 2 1
5.51312 6.96226 6.96226 2 2 1
5.51308 6.96186 6.96186 2 2 1
5.51304 6.96146 6.96146 2 2 1
5.513 6.96107 6.96107 2 2 1
5.51296 6.96068 6.96068 2 2 1
5.51293 6.96029 6.96029 2 2 1
5.51289 6.9599 6.9599 2 2 1
5.51285 6.95951 6.95951 2 2 1
5.51281 6.95913 6.95913 2 2 1
5.51277 6.95874 6.95874 2 2 1
5.51273 6.95836 6.95836 2 2 1
5.51269 6.95799 6.95799 2 2 1
5.51266 6.95761 6.95761 2 2 1
5.51262 6.95724 6.95724 2 2 1
5.51258 6.95687 6.95687 2 2 1
5.51254 6.9565 6.9565 2 2 1
5.51251 6.95613 6.95613 2 2 1
5.51247 6.95577 6.95577 2 2 1
5.51243 6.95541 6.95541 2 2 1
5.51239 6.95505 6.95505 2 2 1
5.51236 6.95469 6.95469 2 2 1
5.51232 6.95433 6.95433 2 2 1
5.51228 6.95398 6.95398 2 2 1
5.51225 6.95363 6.95363 2 2 1
5.51221 6.95328 6.95328 2 2 1
5.51217 6.95293 6.95293 2 2 1
5.51214 6.95258 6.95258 2 2 1
5.5121 6.95224 6.95224 2 2 1
5.51207 6.9519 6.9519 2 2 1
5.51203 6.95156 6.95156 2 2 1
5.512 6.95122 6.95122 2 2 1
5.51196 6.95089 6.95089 2 2 1
5.51192 6.95055 6.95055 2 2 1
5.51189 6.95022 6.95022 2 2 1
5.51185 6.94989 6.94989 2 2 1
5.51182 6.94956 6.94956 2 2 1
5.51178 6.94924 6.94924 2 2 1
5.51175 6.94891 6.94891 2 2 1
5.51172 6.94859 6.94859 2 2 1
5.51168 6.94827 6.94827 2 2 1
5.51165 6.94795 6.94795 2 2 1
5.51161 6.94763 6.94763 2 2 1
5.51158 6.94732 6.94732 2 2 1
5.51155 6.94701 6.94701 2 2 1
5.51151 6.94669 6.94669 2 2 1
5.51148 6.94639 6.94639 2 2 1
5.51144 6.94608 6.94608 2 2 1
5.51141 6.94577 6.94577 2 2 1
5.51138 6.94547 6.94547 2 2 1
5.51134 6.94517 6.94517 2 2 1
5.51131 6.94487 6.94487 2 2 1
5.51128 6.94457 6.94457 2 2 1
5.51125 6.94427 6.94427 2 2 1
5.51121 6.94397 6.94397 2 2 1
5.51118 6.94368 6.94368 2 2 1
5.51115 6.94339 6.94339 2 2 1
5.51112 6.9431 6.9431 2 2 1
5.51108 6.94281 6.94281 2 2 1
5.51105 6.94252 6.94252 2 2 1
5.51102 6.94224 6.94224 2 2 1
5.51099 6.94195 6.94195 2 2 1
5.51096 6.94167 6.94167 2 2 1
5.51093 6.94139 6.94139 2 2 1
5.51089 6.94111 6.94111 2 2 1
5.51086 6.94084 6.94084 2 2 1
5.51083 6.94056 6.94056 2 2 1
5.5108 6.94029 6.94029 2 2 1
5.51077 6.94002 6.94002 2 2 1
5.51074 6.93975 6.93975 2 2 1
5.51071 6.93948 6.93948 2 2 1
5.51068 6.93921 6.93921 2 2 1
5.51065 6.93894 6.93894 2 2 1
5.51062 6.93868 6.93868 2 2 1
5.51059 6.93842 6.93842 2 2 1
5.51056 6.93816 6.93816 2 2 1
5.51053 6.9379 6.9379 2 2 1
5.5105 6.93764 6.93764 2 2 1
5.51047 6.93738 6.93738 2 2 1
5.51044 6.93713 6.93713 2 2 1
5.51041 6.93687 6.93687 2 2 1
5.51038 6.93662 6.93662 2 2 1
5.51035 6.93637 6.93637 2 2 1
5.51032 6.93612 6.93612 2 2 1
5.51029 6.93587 6.93587 2 2 1
5.51026 6.93563 6.93563 2 2 1
5.51023 6.93538 6.93538 2 2 1
5.5102 6.93514 6.93514 2 2 1
5.51017 6.9349 6.9349 2 2 1
5.51015 6.93466 6.93466 2 2 1
5.51012 6.93442 6.93442 2 2 1
5.51009 6.93418 6.93418 2 2 1
5.51006 6.93394 6.93394 2 2 1
5.51003 6.93371 6.93371 2 2 1
5.51 6.93347 6.93347 2 2 1
5.50998 6.93324 6.93324 2 2 1
5.50995 6.93301 6.93301 2 2 1
5.50992 6.93278 6.93278 2 2 1
5.50989 6.93255 6.93255 2 2 1
5.50987 6.93232 6.93232 2 2 1
5.50984 6.9321 6.9321 2 2 1
5.50981 6.93187 6.93187 2 2 1
5.50978 6.93165 6.93165 2 2 1
5.50976 6.93143 6.93143 2 2 1
5.50973 6.93121 6.93121 2 2 1
5.5097 6.93099 6.93099 2 2 1
5.50968 6.93077 6.93077 2 2 1
5.50965 6.93056 6.93056 2 2 1
5.50962 6.93034 6.93034 2 2 1
5.5096 6.93013 6.93013 2 2 1
5.50957 6.92991 6.92991 2 2 1
5.50954 6.9297 6.9297 2 2 1
5.50952 6.92949 6.92949 2 2 1
5.50949 6.92928 6.92928 2 2 1
5.50946 6.92907 6.92907 2 2 1
5.50944 6.92887 6.92887 2 2 1
5.50941 6.92866 6.92866 2 2 1
5.50939 6.92846 6.92846 2 2 1
5.50936 6.92825 6.92825 2 2 1
5.50934 6.92805 6.92805 2 2 1
5.50931 6.92785 6.92785 2 2 1
5.50928 6.92765 6.92765 2 2 1
5.50926 6.92745 6.92745 2 2 1
5.50923 6.92726 6.92726 2 2 1
5.50921 6.92706 6.92706 2 2 1
5.50918 6.92686 6.92686 2 2 1
5.50916 6.92667 6.92667 2 2 1
5.50913 6.92648 6.92648 2 2 1
5.50911 6.92629 6.92629 2 2 1
5.50909 6.9261 6.9261 2 2 1
5.50906 6.92591 6.92591 2 2 1
5.50904 6.92572 6.92572 2 2 1
5.50901 6.92553 6.92553 2 2 1
5.50899 6.92534 6.92534 2 2 1
5.50896 6.92516 6.92516 2 2 1
5.50894 6.92498 6.92498 2 2 1
5.50892 6.92479 6.92479 2 2 1
5.50889 6.92461 6.92461 2 2 1
5.50887 6.92443 6.92443 2 2 1
5.50884 6.92425 6.92425 2 2 1
5.50882 6.92407 6.92407 2 2 1
5.5088 6.92389 6.92389 2 2 1
5.50877 6.92372 6.92372 2 2 1
5.50875 6.92354 6.92354 2 2 1
5.50873 6.92337 6.92337 2 2 1
5.5087 6.92319 6.92319 2 2 1
5.50868 6.92302 6.92302 2 2 1
5.50866 6.92285 6.92285 2 2 1
5.50864 6.92268 6.92268 2 2 1
5.50861 6.92251 6.92251 2 2 1
5.50859 6.92234 6.92234 2 2 1
5.50857 6.92217 6.92217 2 2 1
5.50855 6.92201 6.92201 2 2 1
5.50852 6.92184 6.92184 2 2 1
5.5085 6.92168 6.92168 2 2 1
5.50848 6.92151 6.92151 2 2 1
5.50846 6.92135 6.92135 2 2 1
5.50843 6.92119 6.92119 2 2 1
5.50841 6.92103 6.92103 2 2 1
5.50839 6.92087 6.92087 2 2 1
5.50837 6.92071 6.92071 2 2 1
5.50835 6.92055 6.92055 2 2 1
5.50832 6.9204 6.9204 2 2 1
5.5083 6.92024 6.92024 2 2 1
5.50828 6.92008 6.92008 2 2 1
5.50826 6.91993 6.91993 2 2 1
5.50824 6.91978 6.91978 2 2 1
5.50822 6.91962 6.91962 2 2 1
5.5082 6.91947 6.91947 2 2 1
5.50818 6.91932 6.91932 2 2 1
5.50815 6.91917 6.91917 2 2 1
5.50813 6.91902 6.91902 2 2 1
5.50811 6.91887 6.91887 2 2 1
5.50809 6.91873 6.91873 2 2 1
5.50807 6.91858 6.91858 2 2 1
5.50805 6.91844 6.91844 2 2 1
5.50803 6.91829 6.91829 2 2 1
5.50801 6.91815 6.91815 2 2 1
5.50799 6.918 6.918 2 2 1
5.50797 6.91786 6.91786 2 2 1
5.50795 6.91772 6.91772 2 2 1
5.50793 6.91758 6.91758 2 2 1
5.50791 6.91744 6.91744 2 2 1
5.50789 6.9173 6.9173 2 2 1
5.50787 6.91716 6.91716 2 2 1
5.50785 6.91703 6.91703 2 2 1
5.50783 6.91689 6.91689 2 2 1
5.50781 6.91675 6.91675 2 2 1
5.50779 6.91662 6.91662 2 2 1
5.50777 6.91649 6.91649 2 2 1
5.50775 6.91635 6.91635 2 2 1
5.50773 6.91622 6.91622 2 2 1
5.50771 6.91609 6.91609 2 2 1
5.50769 6.91596 6.91596 2 2 1
5.50767 6.91583 6.91583 2 2 1
5.50765 6.9157 6.9157 2 2 1
5.50763 6.91557 6.91557 2 2 1
5.50762 6.91544 6.91544 2 2 1
5.5076 6.91531 6.91531 2 2 1
5.50758 6.91519 6.91519 2 2 1
5.50756 6.91506 6.91506 2 2 1
5.50754 6.91494 6.91494 2 2 1
5.50752 6.91481 6.91481 2 2 1
5.5075 6.91469 6.91469 2 2 1
5.50748 6.91457 6.91457 2 2 1
5.50747 6.91445 6.91445 2 2 1
5.50745 6.91432 6.91432 2 2 1
5.50743 6.9142 6.9142 2 2 1
5.50741 6.91408 6.91408 2 2 1
5.50739 6.91396 6.91396 2 2 1
5.50738 6.91385 6.91385 2 2 1
5.50736 6.91373 6.91373 2 2 1
5.50734 6.91361 6.91361 2 2 1
5.50732 6.91349 6.91349 2 2 1
5.5073 6.91338 6.91338 2 2 1
5.50729 6.91326 6.91326 2 2 1
5.50727 6.91315 6.91315 2 2 1
5.50725 6.91304 6.91304 2 2 1
5.50723 6.91292 6.91292 2 2 1
5.50722 6.91281 6.91281 2 2 1
5.5072 6.9127 6.9127 2 2 1
5.50718 6.91259 6.91259 2 2 1
5.50716 6.91248 6.91248 2 2 1
5.50715 6.91237 6.91237 2 2 1
5.50713 6.91226 6.91226 2 2 1
5.50711 6.91215 6.91215 2 2 1
5.5071 6.91204 6.91204 2 2 1
5.50708 6.91194 6.91194 2 2 1
5.50706 6.91183 6.91183 2 2 1
5.50705 6.91172 6.91172 2 2 1
5.50703 6.91162 6.91162 2 2 1
5.50701 6.91151 6.91151 2 2 1
5.507 6.91141 6.91141 2 2 1
5.50698 6.91131 6.91131 2 2 1
5.50696 6.9112 6.9112 2 2 1
5.50695 6.9111 6.9111 2 2 1
5.50693 6.911 6.911 2 2 1
5.50691 6.9109 6.9109 2 2 1
5.5069 6.9108 6.9108 2 2 1
5.50688 6.9107 6.9107 2 2 1
5.50687 6.9106 6.9106 2 2 1
5.50685 6.9105 6.9105 2 2 1
5.50683 6.9104 6.9104 2 2 1
5.50682 6.9103 6.9103 2 2 1
5.5068 6.91021 6.91021 2 2 1
5.50679 6.91011 6.91011 2 2 1
5.50677 6.91002 6.91002 2 2 1
5.50675 6.90992 6.90992 2 2 1
5.50674 6.90983 6.90983 2 2 1
5.50672 6.90973 6.90973 2 2 1
5.50671 6.90964 6.90964 2 2 1
5.50669 6.90954 6.90954 2 2 1
5.50668 6.90945 6.90945 2 2 1
5.50666 6.90936 6.90936 2 2 1
5.50665 6.90927 6.90927 2 2 1
5.50663 6.90918 6.90918 2 2 1
5.50662 6.90909 6.90909 2 2 1
5.5066 6.909 6.909 2 2 1
5.50659 6.90891 6.90891 2 2 1
5.50657 6.90882 6.90882 2 2 1
5.50656 6.90873 6.90873 2 2 1
5.50654 6.90864 6.90864 2 2 1
5.50653 6.90856 6.90856 2 2 1
5.50651 6.90847 6.90847 2 2 1
5.5065 6.90838 6.90838 2 2 1
5.50648 6.9083 6.9083 2 2 1
5.50647 6.90821 6.90821 2 2 1
5.50645 6.90813 6.90813 2 2 1
5.50644 6.90805 6.90805 2 2 1
5.50642 6.90796 6.90796 2 2 1
5.50641 6.90788 6.90788 2 2 1
5.5064 6.9078 6.9078 2 2 1
5.50638 6.90771 6.90771 2 2 1
5.50637 6.90763 6.90763 2 2 1
5.50635 6.90755 6.90755 2 2 1
5.50634 6.90747 6.90747 2 2 1
5.50633 6.90739 6.90739 2 2 1
5.50631 6.90731 6.90731 2 2 1
5.5063 6.90723 6.90723 2 2 1
5.50628 6.90715 6.90715 2 2 1
5.50627 6.90707 6.90707 2 2 1
5.50626 6.907 6.907 2 2 1
5.50624 6.90692 6.90692 2 2 1
5.50623 6.90684 6.90684 2 2 1
5.50622 6.90677 6.90677 2 2 1
5.5062 6.90669 6.90669 2 2 1
5.50619 6.90661 6.90661 2 2 1
5.50618 6.90654 6.90654 2 2 1
5.50616 6.90646 6.90646 2 2 1
5.50615 6.90639 6.90639 2 2 1
5.50614 6.90632 6.90632 2 2 1
5.50612 6.90624 6.90624 2 2 1
5.50611 6.90617 6.90617 2 2 1
5.5061 6.9061 6.9061 2 2 1
5.50608 6.90603 6.90603 2 2 1
5.50607 6.90595 6.90595 2 2 1
5.50606 6.90588 6.90588 2 2 1
5.50604 6.90581 6.90581 2 2 1
5.50603 6.90574 6.90574 2 2 1
5.50602 6.90567 6.90567 2 2 1
5.50601 6.9056 6.9056 2 2 1
5.50599 6.90553 6.90553 2 2 1
5.50598 6.90547 6.90547 2 2 1
5.50597 6.9054 6.9054 2 2 1
5.50596 6.90533 6.90533 2 2 1
5.50594 6.90526 6.90526 2 2 1
5.50593 6.90519 6.90519 2 2 1
5.50592 6.90513 6.90513 2 2 1
5.50591 6.90506 6.90506 2 2 1
5.50589 6.905 6.905 2 2 1
5.50588 6.90493 6.90493 2 2 1
5.50587 6.90487 6.90487 2 2 1
5.50586 6.9048 6.9048 2 2 1
5.50584 6.90474 6.90474 2 2 1
5.50583 6.90467 6.90467 2 2 1
5.50582 6.90461 6.90461 2 2 1
5.50581 6.90455 6.90455 2 2 1
5.5058 6.90448 6.90448 2 2 1
5.50578 6.90442 6.90442 2 2 1
5.50577 6.90436 6.90436 2 2 1
5.50576 6.9043 6.9043 2 2 1
5.50575 6.90424 6.90424 2 2 1
5.50574 6.90417 6.90417 2 2 1
5.50573 6.90411 6.90411 2 2 1
5.50571 6.90405 6.90405 2 2 1
5.5057 6.90399 6.90399 2 2 1
5.50569 6.90393 6.90393 2 2 1
5.50568 6.90388 6.90388 2 2 1
5.50567 6.90382 6.90382 2 2 1
5.50566 6.90376 6.90376 2 2 1
5.50565 6.9037 6.9037 2 2 1
5.50563 6.90364 6.90364 2 2 1
5.50562 6.90358 6.90358 2 2 1
5.50561 6.90353 6.90353 2 2 1
5.5056 6.90347 6.90347 2 2 1
5.50559 6.90341 6.90341 2 2 1
5.50558 6.90336 6.90336 2 2 1
5.50557 6.9033 6.9033 2 2 1
5.50556 6.90325 6.90325 2 2 1
5.50555 6.90319 6.90319 2 2 1
5.50553 6.90314 6.90314 2 2 1
5.50552 6.90308 6.90308 2 2 1
5.50551 6.90303 6.90303 2 2 1
5.5055 6.90298 6.90298 2 2 1
5.50549 6.90292 6.90292 2 2 1
5.50548 6.90287 6.90287 2 2 1
5.50547 6.90282 6.90282 2 2 1
5.50546 6.90276 6.90276 2 2 1
5.50545 6.90271 6.90271 2 2 1
5.50544 6.90266 6.90266 2 2 1
5.50543 6.90261 6.90261 2 2 1
5.50542 6.90256 6.90256 2 2 1
5.50541 6.90251 6.90251 2 2 1
5.5054 6.90246 6.90246 2 2 1
5.50539 6.90241 6.90241 2 2 1
5.50538 6.90236 6.90236 2 2 1
5.50537 6.90231 6.90231 2 2 1
5.50536 6.90226 6.90226 2 2 1
5.50535 6.90221 6.90221 2 2 1
5.50534 6.90216 6.90216 2 2 1
5.50533 6.90211 6.90211 2 2 1
5.50532 6.90206 6.90206 2 2 1
5.50531 6.90201 6.90201 2 2 1
5.5053 6.90197 6.90197 2 2 1
5.50529 6.90192 6.90192 2 2 1
5.50528 6.90187 6.90187 2 2 1
5.50527 6.90183 6.90183 2 2 1
5.50526 6.90178 6.90178 2 2 1
5.50525 6.90173 6.90173 2 2 1
5.50524 6.90169 6.90169 2 2 1
5.50523 6.90164 6.90164 2 2 1
5.50522 6.9016 6.9016 2 2 1
5.50521 6.90155 6.90155 2 2 1
5.5052 6.90151 6.90151 2 2 1
5.50519 6.90146 6.90146 2 2 1
5.50518 6.90142 6.90142 2 2 1
5.50517 6.90137 6.90137 2 2 1
5.50516 6.90133 6.90133 2 2 1
5.50515 6.90129 6.90129 2 2 1
5.50514 6.90124 6.90124 2 2 1
5.50513 6.9012 6.9012 2 2 1
5.50512 6.90116 6.90116 2 2 1
5.50511 6.90112 6.90112 2 2 1
5.5051 6.90107 6.90107 2 2 1
5.50509 6.90103 6.90103 2 2 1
5.50509 6.90099 6.90099 2 2 1
5.50508 6.90095 6.90095 2 2 1
5.50507 6.90091 6.90091 2 2 1
5.50506 6.90087 6.90087 2 2 1
5.50505 6.90083 6.90083 2 2 1
5.50504 6.90078 6.90078 2 2 1
5.50503 6.90074 6.90074 2 2 1
5.50502 6.9007 6.9007 2 2 1
5.50501 6.90067 6.90067 2 2 1
5.505 6.90063 6.90063 2 2 1
5.505 6.90059 6.90059 2 2 1
5.50499 6.90055 6.90055 2 2 1
5.50498 6.90051 6.90051 2 2 1
5.50497 6.90047 6.90047 2 2 1
5.50496 6.90043 6.90043 2 2 1
5.50495 6.90039 6.90039 2 2 1
5.50494 6.90036 6.90036 2 2 1
5.50494 6.90032 6.90032 2 2 1
5.50493 6.90028 6.90028 2 2 1
5.50492 6.90024 6.90024 2 2 1
5.50491 6.90021 6.90021 2 2 1
5.5049 6.90017 6.90017 2 2 1
5.50489 6.90013 6.90013 2 2 1
5.50489 6.9001 6.9001 2 2 1
5.50488 6.90006 6.90006 2 2 1
5.50487 6.90003 6.90003 2 2 1
5.50486 6.89999 6.89999 2 2 1
5.50485 6.89996 6.89996 2 2 1
5.50484 6.89992 6.89992 2 2 1
5.50484 6.89989 6.89989 2 2 1
5.50483 6.89985 6.89985 2 2 1
5.50482 6.89982 6.89982 2 2 1
5.50481 6.89978 6.89978 2 2 1
5.5048 6.89975 6.89975 2 2 1
5.5048 6.89971 6.89971 2 2 1
5.50479 6.89968 6.89968 2 2 1
5.50478 6.89965 6.89965 2 2 1
5.50477 6.89961 6.89961 2 2 1
5.50476 6.89958 6.89958 2 2 1
5.50476 6.89955 6.89955 2 2 1
5.50475 6.89951 6.89951 2 2 1
5.50474 6.89948 6.89948 2 2 1
5.50473 6.89945 6.89945 2 2 1
5.50472 6.89942 6.89942 2 2 1
5.50472 6.89939 6.89939 2 2 1
5.50471 6.89935 6.89935 2 2 1
5.5047 6.89932 6.89932 2 2 1
5.50469 6.89929 6.89929 2 2 1
5.50469 6.89926 6.89926 2 2 1
5.50468 6.89923 6.89923 2 2 1
5.50467 6.8992 6.8992 2 2 1
5.50466 6.89917 6.89917 2 2 1
5.50466 6.89914 6.89914 2 2 1
5.50465 6.89911 6.89911 2 2 1
5.50464 6.89908 6.89908 2 2 1
5.50463 6.89905 6.89905 2 2 1
5.50463 6.89902 6.89902 2 2 1
5.50462 6.89899 6.89899 2 2 1
5.50461 6.89896 6.89896 2 2 1
5.50461 6.89893 6.89893 2 2 1
5.5046 6.8989 6.8989 2 2 1
5.50459 6.89887 6.89887 2 2 1
5.50458 6.89885 6.89885 2 2 1
5.50458 6.89882 6.89882 2 2 1
5.50457 6.89879 6.89879 2 2 1
5.50456 6.89876 6.89876 2 2 1
5.50456 6.89873 6.89873 2 2 1
5.50455 6.89871 6.89871 2 2 1
5.50454 6.89868 6.89868 2 2 1
5.50453 6.89865 6.89865 2 2 1
5.50453 6.89862 6.89862 2 2 1
5.50452 6.8986 6.8986 2 2 1
5.50451 6.89857 6.89857 2 2 1
5.50451 6.89854 6.89854 2 2 1
5.5045 6.89852 6.89852 2 2 1
5.50449 6.89849 6.89849 2 2 1
5.50449 6.89846 6.89846 2 2 1
5.50448 6.89844 6.89844 2 2 1
5.50447 6.89841 6.89841 2 2 1
5.50447 6.89839 6.89839 2 2 1
5.50446 6.89836 6.89836 2 2 1
5.50445 6.89834 6.89834 2 2 1
5.50445 6.89831 6.89831 2 2 1
5.50444 6.89829 6.89829 2 2 1
5.50443 6.89826 6.89826 2 2 1
5.50443 6.89824 6.89824 2 2 1
5.50442 6.89821 6.89821 2 2 1
5.50441 6.89819 6.89819 2 2 1
5.50441 6.89816 6.89816 2 2 1
5.5044 6.89814 6.89814 2 2 1
5.50439 6.89812 6.89812 2 2 1
5.50439 6.89809 6.89809 2 2 1
5.50438 6.89807 6.89807 2 2 1
5.50438 6.89804 6.89804 2 2 1
5.50437 6.89802 6.89802 2 2 1
5.50436 6.898 6.898 2 2 1
5.50436 6.89797 6.89797 2 2 1
5.50435 6.89795 6.89795 2 2 1
5.50434 6.89793 6.89793 2 2 1
5.50434 6.89791 6.89791 2 2 1
5.50433 6.89788 6.89788 2 2 1
5.50433 6.89786 6.89786 2 2 1
5.50432 6.89784 6.89784 2 2 1
5.50431 6.89782 6.89782 2 2 1
5.50431 6.89779 6.89779 2 2 1
5.5043 6.89777 6.89777 2 2 1
5.5043 6.89775 6.89775 2 2 1
5.50429 6.89773 6.89773 2 2 1
5.50428 6.89771 6.89771 2 2 1
5.50428 6.89769 6.89769 2 2 1
5.50427 6.89767 6.89767 2 2 1
5.50427 6.89764 6.89764 2 2 1
5.50426 6.89762 6.89762 2 2 1
5.50425 6.8976 6.8976 2 2 1
5.50425 6.89758 6.89758 2 2 1
5.50424 6.89756 6.89756 2 2 1
5.50424 6.89754 6.89754 2 2 1
5.50423 6.89752 6.89752 2 2 1
5.50423 6.8975 6.8975 2 2 1
5.50422 6.89748 6.89748 2 2 1
5.50421 6.89746 6.89746 2 2 1
5.50421 6.89744 6.89744 2 2 1
5.5042 6.89742 6.89742 2 2 1
5.5042 6.8974 6.8974 2 2 1
5.50419 6.89738 6.89738 2 2 1
5.50419 6.89736 6.89736 2 2 1
5.50418 6.89735 6.89735 2 2 1
5.50418 6.89733 6.89733 2 2 1
5.50417 6.89731 6.89731 2 2 1
5.50416 6.89729 6.89729 2 2 1
5.50416 6.89727 6.89727 2 2 1
5.50415 6.89725 6.89725 2 2 1
5.50415 6.89723 6.89723 2 2 1
5.50414 6.89721 6.89721 2 2 1
5.50414 6.8972 6.8972 2 2 1
5.50413 6.89718 6.89718 2 2 1
5.50413 6.89716 6.89716 2 2 1
5.50412 6.89714 6.89714 2 2 1
5.50412 6.89712 6.89712 2 2 1
5.50411 6.89711 6.89711 2 2 1
5.50411 6.89709 6.89709 2 2 1
5.5041 6.89707 6.89707 2 2 1
5.5041 6.89706 6.89706 2 2 1
5.50409 6.89704 6.89704 2 2 1
5.50408 6.89702 6.89702 2 2 1
5.50408 6.897 6.897 2 2 1
5.50407 6.89699 6.89699 2 2 1
5.50407 6.89697 6.89697 2 2 1
5.50406 6.89695 6.89695 2 2 1
5.50406 6.89694 6.89694 2 2 1
5.50405 6.89692 6.89692 2 2 1
5.50405 6.8969 6.8969 2 2 1
5.50404 6.89689 6.89689 2 2 1
5.50404 6.89687 6.89687 2 2 1
5.50403 6.89686 6.89686 2 2 1
5.50403 6.89684 6.89684 2 2 1
5.50402 6.89682 6.89682 2 2 1
5.50402 6.89681 6.89681 2 2 1
5.50401 6.89679 6.89679 2 2 1
5.50401 6.89678 6.89678 2 2 1
5.504 6.89676 6.89676 2 2 1
5.504 6.89675 6.89675 2 2 1
5.504 6.89673 6.89673 2 2 1
5.50399 6.89672 6.89672 2 2 1
5.50399 6.8967 6.8967 2 2 1
5.50398 6.89669 6.89669 2 2 1
5.50398 6.89667 6.89667 2 2 1
5.50397 6.89666 6.89666 2 2 1
5.50397 6.89664 6.89664 2 2 1
5.50396 6.89663 6.89663 2 2 1
5.50396 6.89661 6.89661 2 2 1
5.50395 6.8966 6.8966 2 2 1
5.50395 6.89658 6.89658 2 2 1
5.50394 6.89657 6.89657 2 2 1
5.50394 6.89656 6.89656 2 2 1
5.50393 6.89654 6.89654 2 2 1
5.50393 6.89653 6.89653 2 2 1
5.50393 6.89651 6.89651 2 2 1
5.50392 6.8965 6.8965 2 2 1
5.50392 6.89649 6.89649 2 2 1
5.50391 6.89647 6.89647 2 2 1
5.50391 6.89646 6.89646 2 2 1
5.5039 6.89645 6.89645 2 2 1
5.5039 6.89643 6.89643 2 2 1
5.50389 6.89642 6.89642 2 2 1
5.50389 6.89641 6.89641 2 2 1
5.50389 6.89639 6.89639 2 2 1
5.50388 6.89638 6.89638 2 2 1
5.50388 6.89637 6.89637 2 2 1
5.50387 6.89636 6.89636 2 2 1
5.50387 6.89634 6.89634 2 2 1
5.50386 6.89633 6.89633 2 2 1
5.50386 6.89632 6.89632 2 2 1
5.50386 6.89631 6.89631 2 2 1
5.50385 6.89629 6.89629 2 2 1
5.50385 6.89628 6.89628 2 2 1
5.50384 6.89627 6.89627 2 2 1
5.50384 6.89626 6.89626 2 2 1
5.50383 6.89624 6.89624 2 2 1
5.50383 6.89623 6.89623 2 2 1
5.50383 6.89622 6.89622 2 2 1
5.50382 6.89621 6.89621 2 2 1
5.50382 6.8962 6.8962 2 2 1
5.50381 6.89619 6.89619 2 2 1
5.50381 6.89617 6.89617 2 2 1
5.50381 6.89616 6.89616 2 2 1
5.5038 6.89615 6.89615 2 2 1
5.5038 6.89614 6.89614 2 2 1
5.50379 6.89613 6.89613 2 2 1
5.50379 6.89612 6.89612 2 2 1
5.50379 6.89611 6.89611 2 2 1
5.50378 6.89609 6.89609 2 2 1
5.50378 6.89608 6.89608 2 2 1
5.50377 6.89607 6.89607 2 2 1
5.50377 6.89606 6.89606 2 2 1
5.50377 6.89605 6.89605 2 2 1
5.50376 6.89604 6.89604 2 2 1
5.50376 6.89603 6.89603 2 2 1
5.50376 6.89602 6.89602 2 2 1
5.50375 6.89601 6.89601 2 2 1
5.50375 6.896 6.896 2 2 1
5.50374 6.89599 6.89599 2 2 1
5.50374 6.89598 6.89598 2 2 1
5.50374 6.89597 6.89597 2 2 1
5.50373 6.89596 6.89596 2 2 1
5.50373 6.89595 6.89595 2 2 1
5.50373 6.89594 6.89594 2 2 1
5.50372 6.89593 6.89593 2 2 1
5.50372 6.89592 6.89592 2 2 1
5.50371 6.89591 6.89591 2 2 1
5.50371 6.8959 6.8959 2 2 1
5.50371 6.89589 6.89589 2 2 1
5.5037 6.89588 6.89588 2 2 1
5.5037 6.89587 6.89587 2 2 1
5.5037 6.89586 6.89586 2 2 1
5.50369 6.89585 6.89585 2 2 1
5.50369 6.89584 6.89584 2 2 1
5.50369 6.89583 6.89583 2 2 1
5.50368 6.89582 6.89582 2 2 1
5.50368 6.89581 6.89581 2 2 1
5.50368 6.8958 6.8958 2 2 1
5.50367 6.89579 6.89579 2 2 1
5.50367 6.89578 6.89578 2 2 1
5.50366 6.89578 6.89578 2 2 1
5.50366 6.89577 6.89577 2 2 1
5.50366 6.89576 6.89576 2 2 1
5.50365 6.89575 6.89575 2 2 1
5.50365 6.89574 6.89574 2 2 1
5.50365 6.89573 6.89573 2 2 1
5.50364 6.89572 6.89572 2 2 1
5.50364 6.89571 6.89571 2 2 1
5.50364 6.89571 6.89571 2 2 1
5.50363 6.8957 6.8957 2 2 1
5.50363 6.89569 6.89569 2 2 1
5.50363 6.89568 6.89568 2 2 1
5.50362 6.89567 6.89567 2 2 1
5.50362 6.89566 6.89566 2 2 1
5.50362 6.89566 6.89566 2 2 1
5.50361 6.89565 6.89565 2 2 1
5.50361 6.89564 6.89564 2 2 1
5.50361 6.89563 6.89563 2 2 1
5.5036 6.89562 6.89562 2 2 1
5.5036 6.89562 6.89562 2 2 1
5.5036 6.89561 6.89561 2 2 1
5.5036 6.8956 6.8956 2 2 1
5.50359 6.89559 6.89559 2 2 1
5.50359 6.89559 6.89559 2 2 1
5.50359 6.89558 6.89558 2 2 1
5.50358 6.89557 6.89557 2 2 1
5.50358 6.89556 6.89556 2 2 1
5.50358 6.89555 6.89555 2 2 1
5.50357 6.89555 6.89555 2 2 1
5.50357 6.89554 6.89554 2 2 1
5.50357 6.89553 6.89553 2 2 1
5.50356 6.89553 6.89553 2 2 1
5.50356 6.89552 6.89552 2 2 1
5.50356 6.89551 6.89551 2 2 1
5.50356 6.8955 6.8955 2 2 1
5.50355 6.8955 6.8955 2 2 1
5.50355 6.89549 6.89549 2 2 1
5.50355 6.89548 6.89548 2 2 1
5.50354 6.89548 6.89548 2 2 1
5.50354 6.89547 6.89547 2 2 1
5.50354 6.89546 6.89546 2 2 1
5.50353 6.89546 6.89546 2 2 1
5.50353 6.89545 6.89545 2 2 1
5.50353 6.89544 6.89544 2 2 1
5.50353 6.89544 6.89544 2 2 1
5.50352 6.89543 6.89543 2 2 1
5.50352 6.89542 6.89542 2 2 1
5.50352 6.89542 6.89542 2 2 1
5.50351 6.89541 6.89541 2 2 1
5.50351 6.8954 6.8954 2 2 1
5.50351 6.8954 6.8954 2 2 1
5.50351 6.89539 6.89539 2 2 1
5.5035 6.89538 6.89538 2 2 1
5.5035 6.89538 6.89538 2 2 1
5.5035 6.89537 6.89537 2 2 1
5.50349 6.89536 6.89536 2 2 1
5.50349 6.89536 6.89536 2 2 1
5.50349 6.89535 6.89535 2 2 1
5.50349 6.89535 6.89535 2 2 1
5.50348 6.89534 6.89534 2 2 1
5.50348 6.89533 6.89533 2 2 1
5.50348 6.89533 6.89533 2 2 1
5.50348 6.89532 6.89532 2 2 1
5.50347 6.89532 6.89532 2 2 1
5.50347 6.89531 6.89531 2 2 1
5.50347 6.89531 6.89531 2 2 1
5.50347 6.8953 6.8953 2 2 1
5.50346 6.89529 6.89529 2 2 1
5.50346 6.89529 6.89529 2 2 1
5.50346 6.89528 6.89528 2 2 1
5.50346 6.89528 6.89528 2 2 1
5.50345 6.89527 6.89527 2 2 1
5.50345 6.89527 6.89527 2 2 1
5.50345 6.89526 6.89526 2 2 1
5.50344 6.89526 6.89526 2 2 1
5.50344 6.89525 6.89525 2 2 1
5.50344 6.89524 6.89524 2 2 1
5.50344 6.89524 6.89524 2 2 1
5.50343 6.89523 6.89523 2 2 1
5.50343 6.89523 6.89523 2 2 1
5.50343 6.89522 6.89522 2 2 1
5.50343 6.89522 6.89522 2 2 1
5.50342 6.89521 6.89521 2 2 1
5.50342 6.89521 6.89521 2 2 1
5.50342 6.8952 6.8952 2 2 1
5.50342 6.8952 6.8952 2 2 1
5.50342 6.89519 6.89519 2 2 1
5.50341 6.89519 6.89519 2 2 1
5.50341 6.89518 6.89518 2 2 1
5.50341 6.89518 6.89518 2 2 1
5.50341 6.89517 6.89517 2 2 1
5.5034 6.89517 6.89517 2 2 1
5.5034 6.89517 6.89517 2 2 1
5.5034 6.89516 6.89516 2 2 1
5.5034 6.89516 6.89516 2 2 1
5.50339 6.89515 6.89515 2 2 1
5.50339 6.89515 6.89515 2 2 1
5.50339 6.89514 6.89514 2 2 1
5.50339 6.89514 6.89514 2 2 1
5.50339 6.89513 6.89513 2 2 1
5.50338 6.89513 6.89513 2 2 1
5.50338 6.89512 6.89512 2 2 1
5.50338 6.89512 6.89512 2 2 1
5.50338 6.89512 6.89512 2 2 1
5.50337 6.89511 6.89511 2 2 1
5.50337 6.89511 6.89511 2 2 1
5.50337 6.8951 6.8951 2 2 1
5.50337 6.8951 6.8951 2 2 1
5.50337 6.8951 6.8951 2 2 1
5.50336 6.89509 6.89509 2 2 1
5.50336 6.89509 6.89509 2 2 1
5.50336 6.89508 6.89508 2 2 1
5.50336 6.89508 6.89508 2 2 1
5.50335 6.89507 6.89507 2 2 1
5.50335 6.89507 6.89507 2 2 1
5.50335 6.89507 6.89507 2 2 1
5.50335 6.89506 6.89506 2 2 1
5.50335 6.89506 6.89506 2 2 1
5.50334 6.89506 6.89506 2 2 1
5.50334 6.89505 6.89505 2 2 1
5.50334 6.89505 6.89505 2 2 1
5.50334 6.89504 6.89504 2 2 1
5.50334 6.89504 6.89504 2 2 1
5.50333 6.89504 6.89504 2 2 1
5.50333 6.89503 6.89503 2 2 1
5.50333 6.89503 6.89503 2 2 1
5.50333 6.89503 6.89503 2 2 1
5.50333 6.89502 6.89502 2 2 1
5.50333 6.89502 6.89502 2 2 1
5.50332 6.89502 6.89502 2 2 1
5.50332 6.89501 6.89501 2 2 1
5.50332 6.89501 6.89501 2 2 1
5.50332 6.89501 6.89501 2 2 1
5.50332 6.895 6.895 2 2 1
5.50331 6.895 6.895 2 2 1
5.50331 6.895 6.895 2 2 1
5.50331 6.89499 6.89499 2 2 1
5.50331 6.89499 6.89499 2 2 1
5.50331 6.89499 6.89499 2 2 1
5.50331 6.89498 6.89498 2 2 1
5.5033 6.89498 6.89498 2 2 1
5.5033 6.89498 6.89498 2 2 1
5.5033 6.89498 6.89498 2 2 1
5.5033 6.89497 6.89497 2 2 1
5.5033 6.89497 6.89497 2 2 1
5.5033 6.89497 6.89497 2 2 1
5.50329 6.89496 6.89496 2 2 1
5.50329 6.89496 6.89496 2 2 1
5.50329 6.89496 6.89496 2 2 1
5.50329 6.89496 6.89496 2 2 1
5.50329 6.89495 6.89495 2 2 1
5.50329 6.89495 6.89495 2 2 1
5.50328 6.89495 6.89495 2 2 1
5.50328 6.89495 6.89495 2 2 1
5.50328 6.89494 6.89494 2 2 1
5.50328 6.89494 6.89494 2 2 1
5.50328 6.89494 6.89494 2 2 1
5.50328 6.89494 6.89494 2 2 1
5.50328 6.89493 6.89493 2 2 1
5.50327 6.89493 6.89493 2 2 1
5.50327 6.89493 6.89493 2 2 1
5.50327 6.89493 6.89493 2 2 1
5.50327 6.89493 6.89493 2 2 1
5.50327 6.89492 6.89492 2 2 1
5.50327 6.89492 6.89492 2 2 1
5.50327 6.89492 6.89492 2 2 1
5.50327 6.89492 6.89492 2 2 1
5.50326 6.89492 6.89492 2 2 1
5.50326 6.89491 6.89491 2 2 1
5.50326 6.89491 6.89491 2 2 1
5.50326 6.89491 6.89491 2 2 1
5.50326 6.89491 6.89491 2 2 1
5.50326 6.89491 6.89491 2 2 1
5.50326 6.89491 6.89491 2 2 1
5.50326 6.89491 6.89491 2 2 1
5.50326 6.8949 6.8949 2 2 1
5.50326 6.8949 6.8949 2 2 1
5.50326 6.8949 6.8949 2 2 1
5.50325 6.8949 6.8949 2 2 1
5.50325 6.8949 6.8949 2 2 1
5.50325 6.8949 6.8949 2 2 1
5.50325 6.8949 6.8949 2 2 1
5.50325 6.8949 6.8949 2 2 1
5.50325 6.89489 6.89489 2 2 1
5.50325 6.89489 6.89489 2 2 1
5.50325 6.89489 6.89489 2 2 1
5.50325 6.89489 6.89489 2 2 1
5.50325 6.89489 6.89489 2 2 1
5.50325 6.89489 6.89489 2 2 1
5.50325 6.89489 6.89489 2 2 1
5.50325 6.89489 6.89489 2 2 1
5.50325 6.89489 6.89489 2 2 1
5.50325 6.89489 6.89489 2 2 1
5.50325 6.89489 6.89489 2 2 1
5.50325 6.89489 6.89489 2 2 1
5.50325 6.89489 6.89489 2 2 1
5.50325 6.89489 6.89489 2 2 1
5.50325 6.89489 6.89489 2 2 1
5.50325 6.89489 6.89489 2 2 1
5.50325 6.89489 6.89489 2 2 1
5.50325 6.89489 6.89489 2 2 1
5.50325 6.89489 6.89489 2 2 1
5.50325 6.89489 6.89489 2 2 1
5.50325 6.89489 6.89489 2 2 1
5.50325 6.89489 6.89489 2 2 1
5.50325 6.89489 6.89489 2 2 1
5.50325 6.8949 6.8949 2 2 1
5.50325 6.8949 6.8949 2 2 1
5.50325 6.8949 6.8949 2 2 1
5.50325 6.8949 6.8949 2 2 1
5.50325 6.8949 6.8949 2 2 1
5.50326 6.8949 6.8949 2 2 1
5.50326 6.8949 6.8949 2 2 1
5.50326 6.89491 6.89491 2 2 1
5.50326 6.89491 6.89491 2 2 1
5.50326 6.89491 6.89491 2 2 1
5.50326 6.89491 6.89491 2 2 1
5.50327 6.89491 6.89491 2 2 1
5.50327 6.89492 6.89492 2 2 1
5.50327 6.89492 6.89492 2 2 1
5.50327 6.89492 6.89492 2 2 1
5.50327 6.89493 6.89493 2 2 1
5.50328 6.89493 6.89493 2 2 1
5.50328 6.89493 6.89493 2 2 1
5.50328 6.89493 6.89493 2 2 1
5.50328 6.89494 6.89494 2 2 1
5.50329 6.89494 6.89494 2 2 1
5.50329 6.89495 6.89495 2 2 1
5.50329 6.89495 6.89495 2 2 1
5.5033 6.89495 6.89495 2 2 1
5.5033 6.89496 6.89496 2 2 1
5.5033 6.89496 6.89496 2 2 1
5.50331 6.89497 6.89497 2 2 1
5.50331 6.89497 6.89497 2 2 1
5.50332 6.89498 6.89498 2 2 1
5.50332 6.89499 6.89499 2 2 1
5.50333 6.89499 6.89499 2 2 1
5.50333 6.895 6.895 2 2 1
5.50334 6.895 6.895 2 2 1
5.50334 6.89501 6.89501 2 2 1
5.50335 6.89502 6.89502 2 2 1
5.50335 6.89502 6.89502 2 2 1
5.50336 6.89503 6.89503 2 2 1
5.50336 6.89504 6.89504 2 2 1
5.50337 6.89505 6.89505 2 2 1
5.50338 6.89506 6.89506 2 2 1
5.50339 6.89506 6.89506 2 2 1
5.50339 6.89507 6.89507 2 2 1
5.5034 6.89508 6.89508 2 2 1
5.50341 6.89509 6.89509 2 2 1
5.50342 6.8951 6.8951 2 2 1
5.50343 6.89511 6.89511 2 2 1
5.50343 6.89512 6.89512 2 2 1
5.50344 6.89513 6.89513 2 2 1
5.50345 6.89514 6.89514 2 2 1
5.50346 6.89516 6.89516 2 2 1
5.50347 6.89517 6.89517 2 2 1
5.50349 6.89518 6.89518 2 2 1
5.5035 6.89519 6.89519 2 2 1
5.50351 6.89521 6.89521 2 2 1
5.50352 6.89522 6.89522 2 2 1
5.50353 6.89523 6.89523 2 2 1
5.50355 6.89525 6.89525 2 2 1
5.50356 6.89526 6.89526 2 2 1
5.50357 6.89528 6.89528 2 2 1
5.50359 6.8953 6.8953 2 2 1
5.5036 6.89531 6.89531 2 2 1
5.50362 6.89533 6.89533 2 2 1
5.50364 6.89535 6.89535 2 2 1
5.50365 6.89537 6.89537 2 2 1
5.50367 6.89538 6.89538 2 2 1
5.50369 6.8954 6.8954 2 2 1
5.50371 6.89542 6.89542 2 2 1
5.50373 6.89545 6.89545 2 2 1
5.50375 6.89547 6.89547 2 2 1
5.50377 6.89549 6.89549 2 2 1
5.50379 6.89551 6.89551 2 2 1
5.50381 6.89554 6.89554 2 2 1
5.50384 6.89556 6.89556 2 2 1
5.50386 6.89558 6.89558 2 2 1
5.50388 6.89561 6.89561 2 2 1
5.50391 6.89564 6.89564 2 2 1
5.50394 6.89566 6.89566 2 2 1
5.50397 6.89569 6.89569 2 2 1
5.50399 6.89572 6.89572 2 2 1
5.50402 6.89575 6.89575 2 2 1
5.50405 6.89578 6.89578 2 2 1
5.50409 6.89581 6.89581 2 2 1
5.50412 6.89585 6.89585 2 2 1
5.50415 6.89588 6.89588 2 2 1
5.50419 6.89592 6.89592 2 2 1
5.50423 6.89595 6.89595 2 2 1
5.50426 6.89599 6.89599 2 2 1
5.5043 6.89603 6.89603 2 2 1
5.50434 6.89607 6.89607 2 2 1
5.50439 6.89611 6.89611 2 2 1
5.50443 6.89615 6.89615 2 2 1
5.50447 6.89619 6.89619 2 2 1
5.50452 6.89623 6.89623 2 2 1
5.50457 6.89628 6.89628 2 2 1
5.50462 6.89633 6.89633 2 2 1
5.50467 6.89638 6.89638 2 2 1
5.50472 6.89643 6.89643 2 2 1
5.50478 6.89648 6.89648 2 2 1
5.50483 6.89653 6.89653 2 2 1
5.50489 6.89658 6.89658 2 2 1
5.50496 6.89664 6.89664 2 2 1
5.50502 6.8967 6.8967 2 2 1
5.50508 6.89675 6.89675 2 2 1
5.50515 6.89682 6.89682 2 2 1
5.50522 6.89688 6.89688 2 2 1
5.50529 6.89694 6.89694 2 2 1
5.50537 6.89701 6.89701 2 2 1
5.50545 6.89708 6.89708 2 2 1
5.50553 6.89715 6.89715 2 2 1
5.50561 6.89722 6.89722 2 2 1
5.50569 6.89729 6.89729 2 2 1
5.50578 6.89737 6.89737 2 2 1
5.50587 6.89745 6.89745 2 2 1
5.50597 6.89753 6.89753 2 2 1
5.50607 6.89761 6.89761 2 2 1
5.50617 6.8977 6.8977 2 2 1
5.50627 6.89779 6.89779 2 2 1
5.50638 6.89788 6.89788 2 2 1
5.50649 6.89797 6.89797 2 2 1
5.50661 6.89807 6.89807 2 2 1
5.50673 6.89817 6.89817 2 2 1
5.50685 6.89827 6.89827 2 2 1
5.50698 6.89837 6.89837 2 2 1
5.50712 6.89848 6.89848 2 2 1
5.50725 6.89859 6.89859 2 2 1
5.50739 6.8987 6.8987 2 2 1
5.50754 6.89882 6.89882 2 2 1
5.50769 6.89894 6.89894 2 2 1
5.50785 6.89906 6.89906 2 2 1
5.50801 6.89919 6.89919 2 2 1
5.50818 6.89932 6.89932 2 2 1
5.50835 6.89946 6.89946 2 2 1
5.50853 6.89959 6.89959 2 2 1
5.50872 6.89974 6.89974 2 2 1
5.50891 6.89988 6.89988 2 2 1
5.50911 6.90003 6.90003 2 2 1
5.50931 6.90019 6.90019 2 2 1
5.50953 6.90035 6.90035 2 2 1
5.50975 6.90051 6.90051 2 2 1
5.50997 6.90068 6.90068 2 2 1
5.51021 6.90085 6.90085 2 2 1
5.51045 6.90103 6.90103 2 2 1
5.5107 6.90121 6.90121 2 2 1
5.51096 6.9014 6.9014 2 2 1
5.51123 6.90159 6.90159 2 2 1
5.51151 6.90179 6.90179 2 2 1
5.51179 6.90199 6.90199 2 2 1
5.51209 6.9022 6.9022 2 2 1
5.5124 6.90242 6.90242 2 2 1
5.51271 6.90264 6.90264 2 2 1
5.51304 6.90286 6.90286 2 2 1
5.51338 6.9031 6.9031 2 2 1
5.51373 6.90334 6.90334 2 2 1
5.51409 6.90358 6.90358 2 2 1
5.51447 6.90384 6.90384 2 2 1
5.51485 6.9041 6.9041 2 2 1
5.51526 6.90436 6.90436 2 2 1
5.51567 6.90464 6.90464 2 2 1
5.5161 6.90492 6.90492 2 2 1
5.51654 6.90521 6.90521 2 2 1
5.517 6.90551 6.90551 2 2 1
5.51747 6.90581 6.90581 2 2 1
5.51796 6.90613 6.90613 2 2 1
5.51847 6.90645 6.90645 2 2 1
5.51899 6.90678 6.90678 2 2 1
5.51954 6.90712 6.90712 2 2 1
5.5201 6.90747 6.90747 2 2 1
5.52067 6.90783 6.90783 2 2 1
5.52127 6.9082 6.9082 2 2 1
5.52189 6.90858 6.90858 2 2 1
5.52253 6.90897 6.90897 2 2 1
5.52319 6.90937 6.90937 2 2 1
5.52388 6.90978 6.90978 2 2 1
5.52459 6.9102 6.9102 2 2 1
5.52532 6.91063 6.91063 2 2 1
5.52607 6.91108 6.91108 2 2 1
5.52686 6.91153 6.91153 2 2 1
5.52767 6.912 6.912 2 2 1
5.5285 6.91248 6.91248 2 2 1
5.52937 6.91298 6.91298 2 2 1
5.53026 6.91348 6.91348 2 2 1
5.53119 6.914 6.914 2 2 1
5.53215 6.91454 6.91454 2 2 1
5.53313 6.91509 6.91509 2 2 1
5.53416 6.91565 6.91565 2 2 1
5.53522 6.91623 6.91623 2 2 1
5.53631 6.91682 6.91682 2 2 1
5.53744 6.91743 6.91743 2 2 1
5.53861 6.91805 6.91805 2 2 1
5.53982 6.91869 6.91869 2 2 1
5.54107 6.91935 6.91935 2 2 1
5.54236 6.92003 6.92003 2 2 1
5.5437 6.92072 6.92072 2 2 1
5.54509 6.92143 6.92143 2 2 1
5.54652 6.92216 6.92216 2 2 1
5.54799 6.9229 6.9229 2 2 1
5.54953 6.92367 6.92367 2 2 1
5.55111 6.92446 6.92446 2 2 1
5.55274 6.92526 6.92526 2 2 1
5.55444 6.92609 6.92609 2 2 1
5.55619 6.92694 6.92694 2 2 1
5.558 6.92781 6.92781 2 2 1
5.55987 6.92871 6.92871 2 2 1
5.5618 6.92962 6.92962 2 2 1
5.5638 6.93056 6.93056 2 2 1
5.56587 6.93152 6.93152 2 2 1
5.56802 6.93251 6.93251 2 2 1
5.57023 6.93352 6.93352 2 2 1
5.57252 6.93456 6.93456 2 2 1
5.57489 6.93562 6.93562 2 2 1
5.57734 6.93672 6.93672 2 2 1
5.57987 6.93783 6.93783 2 2 1
5.58249 6.93898 6.93898 2 2 1
5.5852 6.94015 6.94015 2 2 1
5.58801 6.94136 6.94136 2 2 1
5.59091 6.94259 6.94259 2 2 1
5.59391 6.94386 6.94386 2 2 1
5.59701 6.94515 6.94515 2 2 1
5.60022 6.94648 6.94648 2 2 1
5.60354 6.94784 6.94784 2 2 1
5.60697 6.94923 6.94923 2 2 1
5.61052 6.95066 6.95066 2 2 1
5.61419 6.95212 6.95212 2 2 1
5.61799 6.95362 6.95362 2 2 1
5.62192 6.95515 6.95515 2 2 1
5.62598 6.95672 6.95672 2 2 1
5.63019 6.95833 6.95833 2 2 1
5.63454 6.95998 6.95998 2 2 1
5.63904 6.96167 6.96167 2 2 1
5.64369 6.96339 6.96339 2 2 1
5.6485 6.96516 6.96516 2 2 1
5.65348 6.96697 6.96697 2 2 1
5.65863 6.96882 6.96882 2 2 1
5.66396 6.97072 6.97072 2 2 1
5.66947 6.97266 6.97266 2 2 1
5.67517 6.97464 6.97464 2 2 1
5.68106 6.97667 6.97667 2 2 1
5.68716 6.97875 6.97875 2 2 1
5.69347 6.98087 6.98087 2 2 1
5.69999 6.98305 6.98305 2 2 1
5.70674 6.98527 6.98527 2 2 1
5.71372 6.98754 6.98754 2 2 1
5.72094 6.98987 6.98987 2 2 1
5.7284 6.99224 6.99224 2 2 1
5.73612 6.99467 6.99467 2 2 1
5.7441 6.99715 6.99715 2 2 1
5.75236 6.99969 6.99969 2 2 1
5.76091 7.00228 7.00228 2 2 1
5.76973 7.00492 7.00492 2 2 1
5.77886 7.00763 7.00763 2 2 1
5.7883 7.01039 7.01039 2 2 1
5.79806 7.01321 7.01321 2 2 1
5.80815 7.01609 7.01609 2 2 1
5.81857 7.01902 7.01902 2 2 1
5.82936 7.02202 7.02202 2 2 1
5.8405 7.02508 7.02508 2 2 1
5.852 7.0282 7.0282 2 2 1
5.8639 7.03138 7.03138 2 2 1
5.87619 7.03462 7.03462 2 2 1
5.88889 7.03793 7.03793 2 2 1
5.90199 7.0413 7.0413 2 2 1
5.91554 7.04473 7.04473 2 2 1
5.92951 7.04822 7.04822 2 2 1
5.94395 7.05178 7.05178 2 2 1
5.95883 7.0554 7.0554 2 2 1
5.97422 7.05909 7.05909 2 2 1
5.99007 7.06284 7.06284 2 2 1
6.00642 7.06665 7.06665 2 2 1
6.02328 7.07052 7.07052 2 2 1
6.04067 7.07446 7.07446 2 2 1
6.05857 7.07845 7.07845 2 2 1
6.07703 7.08251 7.08251 2 2 1
6.09603 7.08663 7.08663 2 2 1
6.11559 7.09081 7.09081 2 2 1
6.13573 7.09504 7.09504 2 2 1
6.15644 7.09933 7.09933 2 2 1
6.17773 7.10368 7.10368 2 2 1
6.19962 7.10808 7.10808 2 2 1
6.22211 7.11253 7.11253 2 2 1
6.2452 7.11703 7.11703 2 2 1
6.26888 7.12158 7.12158 2 2 1
6.29322 7.12618 7.12618 2 2 1
6.31814 7.13082 7.13082 2 2 1
6.3437 7.13551 7.13551 2 2 1
6.36984 7.14022 7.14022 2 2 1
6.39663 7.14498 7.14498 2 2 1
6.42403 7.14977 7.14977 2 2 1
6.45205 7.1546 7.1546 2 2 1
6.48067 7.15945 7.15945 2 2 1
6.50991 7.16433 7.16433 2 2 1
6.53975 7.16923 7.16923 2 2 1
6.57018 7.17415 7.17415 2 2 1
6.60121 7.17909 7.17909 2 2 1
6.63279 7.18404 7.18404 2 2 1
6.66499 7.18901 7.18901 2 2 1
6.6977 7.19398 7.19398 2 2 1
6.731 7.19896 7.19896 2 2 1
6.76482 7.20395 7.20395 2 2 1
6.79919 7.20893 7.20893 2 2 1
6.83406 7.21391 7.21391 2 2 1
6.86946 7.21889 7.21889 2 2 1
6.90532 7.22386 7.22386 2 2 1
6.94167 7.22882 7.22882 2 2 1
6.97849 7.23377 7.23377 2 2 1
7.01578 7.23871 7.23871 2 2 1
7.05346 7.24362 7.24362 2 2 1
7.09161 7.24853 7.24853 2 2 1
7.13015 7.25341 7.25341 2 2 1
7.1691 7.25827 7.25827 2 2 1
7.20844 7.26311 7.26311 2 2 1
7.24812 7.26792 7.26792 2 2 1
7.2882 7.27271 7.27271 2 2 1
7.32859 7.27748 7.27748 2 2 1
7.36932 7.28221 7.28221 2 2 1
7.41039 7.28692 7.28692 2 2 1
7.45176 7.29159 7.29159 2 2 1
7.49342 7.29624 7.29624 2 2 1
7.53537 7.30085 7.30085 2 2 1
7.5776 7.30543 7.30543 2 2 1
7.62009 7.30998 7.30998 2 2 1
7.66283 7.3145 7.3145 2 2 1
7.70582 7.31898 7.31898 2 2 1
7.74904 7.32343 7.32343 2 2 1
7.79249 7.32784 7.32784 2 2 1
7.83616 7.33222 7.33222 2 2 1
7.88003 7.33656 7.33656 2 2 1
7.9241 7.34088 7.34088 2 2 1
7.96837 7.34515 7.34515 2 2 1
8.01282 7.34939 7.34939 2 2 1
8.05744 7.3536 7.3536 2 2 1
8.10224 7.35777 7.35777 2 2 1
8.1472 7.3619 7.3619 2 2 1
8.19231 7.366 7.366 2 2 1
8.23758 7.37007 7.37007 2 2 1
8.28299 7.3741 7.3741 2 2 1
8.32854 7.3781 7.3781 2 2 1
8.37422 7.38207 7.38207 2 2 1
8.42004 7.386 7.386 2 2 1
8.46597 7.38989 7.38989 2 2 1
8.51203 7.39376 7.39376 2 2 1
8.55819 7.39759 7.39759 2 2 1
8.60448 7.40139 7.40139 2 2 1
8.65086 7.40515 7.40515 2 2 1
8.69735 7.40889 7.40889 2 2 1
8.74393 7.41259 7.41259 2 2 1
8.79061 7.41626 7.41626 2 2 1
8.83739 7.4199 7.4199 2 2 1
8.88425 7.4235 7.4235 2 2 1
8.93119 7.42708 7.42708 2 2 1
8.97821 7.43063 7.43063 2 2 1
9.02532 7.43415 7.43415 2 2 1
9.0725 7.43764 7.43764 2 2 1
9.11975 7.4411 7.4411 2 2 1
9.16707 7.44453 7.44453 2 2 1
9.21446 7.44793 7.44793 2 2 1
9.26192 7.4513 7.4513 2 2 1
9.30944 7.45465 7.45465 2 2 1
9.35702 7.45797 7.45797 2 2 1
9.40466 7.46126 7.46126 2 2 1
9.45236 7.46453 7.46453 2 2 1
9.50012 7.46776 7.46776 2 2 1
9.54793 7.47098 7.47098 2 2 1
9.59578 7.47416 7.47416 2 2 1
9.64369 7.47732 7.47732 2 2 1
9.69165 7.48046 7.48046 2 2 1
9.73966 7.48357 7.48357 2 2 1
9.78771 7.48666 7.48666 2 2 1
9.8358 7.48972 7.48972 2 2 1
9.88394 7.49276 7.49276 2 2 1
9.93212 7.49578 7.49578 2 2 1
9.98033 7.49877 7.49877 2 2 1
10.0286 7.50174 7.50174 2 2 1
10.0769 7.50469 7.50469 2 2 1
10.1252 7.50761 7.50761 2 2 1
10.1736 7.51051 7.51051 2 2 1
10.222 7.51339 7.51339 2 2 1
10.2704 7.51625 7.51625 2 2 1
10.3189 7.51909 7.51909 2 2 1
10.3674 7.52191 7.52191 2 2 1
10.4159 7.5247 7.5247 2 2 1
10.4645 7.52748 7.52748 2 2 1
10.5131 7.53024 7.53024 2 2 1
10.5617 7.53297 7.53297 2 2 1
10.6103 7.53569 7.53569 2 2 1
10.659 7.53838 7.53838 2 2 1
10.7077 7.54106 7.54106 2 2 1
10.7564 7.54372 7.54372 2 2 1
10.8051 7.54636 7.54636 2 2 1
10.8539 7.54898 7.54898 2 2 1
10.9027 7.55159 7.55159 2 2 1
10.9515 7.55417 7.55417 2 2 1
11.0003 7.55674 7.55674 2 2 1
11.0492 7.55929 7.55929 2 2 1
11.0981 7.56182 7.56182 2 2 1
11.147 7.56434 7.56434 2 2 1
11.1959 7.56683 7.56683 2 2 1
11.2448 7.56932 7.56932 2 2 1
11.2938 7.57178 7.57178 2 2 1
11.3427 7.57423 7.57423 2 2 1
11.3917 7.57666 7.57666 2 2 1
11.4407 7.57908 7.57908 2 2 1
11.4898 7.58148 7.58148 2 2 1
11.5388 7.58387 7.58387 2 2 1
11.5879 7.58624 7.58624 2 2 1
11.6369 7.58859 7.58859 2 2 1
11.686 7.59093 7.59093 2 2 1
11.7351 7.59326 7.59326 2 2 1
11.7842 7.59557 7.59557 2 2 1
11.8334 7.59787 7.59787 2 2 1
11.8825 7.60015 7.60015 2 2 1
11.9317 7.60242 7.60242 2 2 1
11.9809 7.60467 7.60467 2 2 1
12.03 7.60691 7.60691 2 2 1
12.0792 7.60913 7.60913 2 2 1
12.1285 7.61135 7.61135 2 2 1
12.1777 7.61355 7.61355 2 2 1
12.2269 7.61573 7.61573 2 2 1
12.2762 7.61791 7.61791 2 2 1
12.3254 7.62007 7.62007 2 2 1
12.3747 7.62221 7.62221 2 2 1
12.424 7.62435 7.62435 2 2 1
12.4733 7.62647 7.62647 2 2 1
12.5226 7.62858 7.62858 2 2 1
12.5719 7.63068 7.63068 2 2 1
12.6212 7.63276 7.63276 2 2 1
12.6705 7.63484 7.63484 2 2 1
12.7199 7.6369 7.6369 2 2 1
12.7692 7.63895 7.63895 2 2 1
12.8186 7.64099 7.64099 2 2 1
12.8679 7.64301 7.64301 2 2 1
12.9173 7.64503 7.64503 2 2 1
12.9667 7.64703 7.64703 2 2 1
13.0161 7.64903 7.64903 2 2 1
13.0655 7.65101 7.65101 2 2 1
13.1149 7.65298 7.65298 2 2 1
13.1643 7.65494 7.65494 2 2 1
13.2137 7.65689 7.65689 2 2 1
13.2632 7.65883 7.65883 2 2 1
13.3126 7.66076 7.66076 2 2 1
13.3621 7.66268 7.66268 2 2 1
13.4115 7.66459 7.66459 2 2 1
13.461 7.66649 7.66649 2 2 1
13.5104 7.66837 7.66837 2 2 1
13.5599 7.67025 7.67025 2 2 1
13.6094 7.67212 7.67212 2 2 1
13.6589 7.67398 7.67398 2 2 1
13.7084 7.67583 7.67583 2 2 1
13.7579 7.67767 7.67767 2 2 1
13.8074 7.6795 7.6795 2 2 1
13.8569 7.68132 7.68132 2 2 1
13.9064 7.68313 7.68313 2 2 1
13.956 7.68493 7.68493 2 2 1
14.0055 7.68673 7.68673 2 2 1
14.055 7.68851 7.68851 2 2 1
14.1046 7.69029 7.69029 2 2 1
14.1541 7.69205 7.69205 2 2 1
14.2037 7.69381 7.69381 2 2 1
14.2532 7.69556 7.69556 2 2 1
14.3028 7.6973 7.6973 2 2 1
14.3524 7.69903 7.69903 2 2 1
14.4019 7.70076 7.70076 2 2 1
14.4515 7.70247 7.70247 2 2 1
14.5011 7.70418 7.70418 2 2 1
14.5507 7.70588 7.70588 2 2 1
14.6003 7.70757 7.70757 2 2 1
14.6499 7.70925 7.70925 2 2 1
14.6995 7.71093 7.71093 2 2 1
14.7491 7.71259 7.71259 2 2 1
14.7987 7.71425 7.71425 2 2 1
14.8483 7.7159 7.7159 2 2 1
14.898 7.71755 7.71755 2 2 1
14.9476 7.71918 7.71918 2 2 1
14.9972 7.72081 7.72081 2 2 1
15.0468 7.72243 7.72243 2 2 1
15.0965 7.72405 7.72405 2 2 1
15.1461 7.72565 7.72565 2 2 1
15.1958 7.72725 7.72725 2 2 1
15.2454 7.72884 7.72884 2 2 1
15.2951 7.73043 7.73043 2 2 1
15.3447 7.732 7.732 2 2 1
15.3944 7.73358 7.73358 2 2 1
15.444 7.73514 7.73514 2 2 1
15.4937 7.7367 7.7367 2 2 1
15.5434 7.73824 7.73824 2 2 1
15.593 7.73979 7.73979 2 2 1
15.6427 7.74132 7.74132 2 2 1
15.6924 7.74285 7.74285 2 2 1
15.7421 7.74438 7.74438 2 2 1
15.7918 7.74589 7.74589 2 2 1
15.8415 7.7474 7.7474 2 2 1
15.8912 7.74891 7.74891 2 2 1
15.9409 7.7504 7.7504 2 2 1
15.9905 7.75189 7.75189 2 2 1
16.0402 7.75338 7.75338 2 2 1
16.09 7.75485 7.75485 2 2 1
16.1397 7.75633 7.75633 2 2 1
16.1894 7.75779 7.75779 2 2 1
16.2391 7.75925 7.75925 2 2 1
16.2888 7.7607 7.7607 2 2 1
16.3385 7.76215 7.76215 2 2 1
16.3882 7.76359 7.76359 2 2 1
16.438 7.76503 7.76503 2 2 1
16.4877 7.76646 7.76646 2 2 1
16.5374 7.76788 7.76788 2 2 1
16.5871 7.7693 7.7693 2 2 1
16.6369 7.77071 7.77071 2 2 1
16.6866 7.77212 7.77212 2 2 1
16.7364 7.77352 7.77352 2 2 1
16.7861 7.77491 7.77491 2 2 1
16.8358 7.7763 7.7763 2 2 1
16.8856 7.77769 7.77769 2 2 1
16.9353 7.77907 7.77907 2 2 1
16.9851 7.78044 7.78044 2 2 1
17.0348 7.78181 7.78181 2 2 1
17.0846 7.78317 7.78317 2 2 1
17.1344 7.78453 7.78453 2 2 1
17.1841 7.78588 7.78588 2 2 1
17.2339 7.78723 7.78723 2 2 1
17.2836 7.78857 7.78857 2 2 1
17.3334 7.7899 7.7899 2 2 1
17.3832 7.79124 7.79124 2 2 1
17.4329 7.79256 7.79256 2 2 1
17.4827 7.79388 7.79388 2 2 1
17.5325 7.7952 7.7952 2 2 1
17.5823 7.79651 7.79651 2 2 1
17.632 7.79782 7.79782 2 2 1
17.6818 7.79912 7.79912 2 2 1
17.7316 7.80041 7.80041 2 2 1
17.7814 7.80171 7.80171 2 2 1
17.8312 7.80299 7.80299 2 2 1
17.881 7.80428 7.80428 2 2 1
17.9307 7.80555 7.80555 2 2 1
17.9805 7.80683 7.80683 2 2 1
18.0303 7.80809 7.80809 2 2 1
18.0801 7.80936 7.80936 2 2 1
18.1299 7.81062 7.81062 2 2 1
18.1797 7.81187 7.81187 2 2 1
18.2295 7.81312 7.81312 2 2 1
18.2793 7.81437 7.81437 2 2 1
18.3291 7.81561 7.81561 2 2 1
18.3789 7.81684 7.81684 2 2 1
18.4287 7.81807 7.81807 2 2 1
18.4785 7.8193 7.8193 2 2 1
18.5283 7.82053 7.82053 2 2 1
18.5781 7.82174 7.82174 2 2 1
18.628 7.82296 7.82296 2 2 1
18.6778 7.82417 7.82417 2 2 1
18.7276 7.82538 7.82538 2 2 1
18.7774 7.82658 7.82658 2 2 1
18.8272 7.82778 7.82778 2 2 1
18.877 7.82897 7.82897 2 2 1
18.9269 7.83016 7.83016 2 2 1
18.9767 7.83134 7.83134 2 2 1
19.0265 7.83253 7.83253 2 2 1
19.0763 7.8337 7.8337 2 2 1
19.1261 7.83488 7.83488 2 2 1
19.176 7.83605 7.83605 2 2 1
19.2258 7.83721 7.83721 2 2 1
19.2756 7.83837 7.83837 2 2 1
19.3255 7.83953 7.83953 2 2 1
19.3753 7.84068 7.84068 2 2 1
19.4251 7.84183 7.84183 2 2 1
19.475 7.84298 7.84298 2 2 1
19.5248 7.84412 7.84412 2 2 1
19.5746 7.84526 7.84526 2 2 1
19.6245 7.8464 7.8464 2 2 1
19.6743 7.84753 7.84753 2 2 1
19.7241 7.84865 7.84865 2 2 1
19.774 7.84978 7.84978 2 2 1
19.8238 7.8509 7.8509 2 2 1
19.8737 7.85201 7.85201 2 2 1
19.9235 7.85313 7.85313 2 2 1
19.9734 7.85424 7.85424 2 2 1
20.0232 7.85534 7.85534 2 2 1
20.0731 7.85644 7.85644 2 2 1
20.1229 7.85754 7.85754 2 2 1
