5.7643 -0.1 -0.1 2 2 1
5.76414 -0.0801839 -0.0801839 2 2 1
5.76399 -0.0603686 -0.0603686 2 2 1
5.76367 -0.0207401 -0.0207401 2 2 1
5.76327 0.0287888 0.0287888 2 2 1
5.76288 0.078308 0.078308 2 2 1
5.76247 0.127819 0.127819 2 2 1
5.76207 0.177322 0.177322 2 2 1
5.76167 0.226817 0.226817 2 2 1
5.76126 0.276305 0.276305 2 2 1
5.76086 0.325784 0.325784 2 2 1
5.76045 0.375254 0.375254 2 2 1
5.76004 0.424716 0.424716 2 2 1
5.75963 0.474169 0.474169 2 2 1
5.75921 0.523614 0.523614 2 2 1
5.7588 0.573049 0.573049 2 2 1
5.75838 0.622475 0.622475 2 2 1
5.75796 0.671891 0.671891 2 2 1
5.75754 0.721297 0.721297 2 2 1
5.75712 0.770694 0.770694 2 2 1
5.7567 0.82008 0.82008 2 2 1
5.75627 0.869456 0.869456 2 2 1
5.75584 0.918822 0.918822 2 2 1
5.75541 0.968176 0.968176 2 2 1
5.75498 1.01752 1.01752 2 2 1
5.75455 1.06685 1.06685 2 2 1
5.75412 1.11617 1.11617 2 2 1
5.75368 1.16548 1.16548 2 2 1
5.75324 1.21478 1.21478 2 2 1
5.7528 1.26406 1.26406 2 2 1
5.75236 1.31333 1.31333 2 2 1
5.75192 1.36259 1.36259 2 2 1
5.75147 1.41184 1.41184 2 2 1
5.75102 1.46107 1.46107 2 2 1
5.75057 1.51029 1.51029 2 2 1
5.75012 1.55949 1.55949 2 2 1
5.74967 1.60868 1.60868 2 2 1
5.74921 1.65786 1.65786 2 2 1
5.74875 1.70702 1.70702 2 2 1
5.74829 1.75616 1.75616 2 2 1
5.74783 1.80529 1.80529 2 2 1
5.74737 1.8544 1.8544 2 2 1
5.7469 1.9035 1.9035 2 2 1
5.74643 1.95258 1.95258 2 2 1
5.74596 2.00164 2.00164 2 2 1
5.74549 2.05068 2.05068 2 2 1
5.74502 2.09971 2.09971 2 2 1
5.74454 2.14871 2.14871 2 2 1
5.74406 2.1977 2.1977 2 2 1
5.74358 2.24667 2.24667 2 2 1
5.7431 2.29562 2.29562 2 2 1
5.74261 2.34455 2.34455 2 2 1
5.74213 2.39345 2.39345 2 2 1
5.74164 2.44234 2.44234 2 2 1
5.74115 2.4912 2.4912 2 2 1
5.74065 2.54004 2.54004 2 2 1
5.74015 2.58886 2.58886 2 2 1
5.73966 2.63765 2.63765 2 2 1
5.73915 2.68642 2.68642 2 2 1
5.73865 2.73516 2.73516 2 2 1
5.73815 2.78388 2.78388 2 2 1
5.73764 2.83257 2.83257 2 2 1
5.73713 2.88124 2.88124 2 2 1
5.73661 2.92987 2.92987 2 2 1
5.7361 2.97848 2.97848 2 2 1
5.73558 3.02706 3.02706 2 2 1
5.73506 3.07561 3.07561 2 2 1
5.73454 3.12413 3.12413 2 2 1
5.73401 3.17262 3.17262 2 2 1
5.73348 3.22108 3.22108 2 2 1
5.73295 3.2695 3.2695 2 2 1
5.73242 3.31789 3.31789 2 2 1
5.73188 3.36625 3.36625 2 2 1
5.73134 3.41457 3.41457 2 2 1
5.7308 3.46285 3.46285 2 2 1
5.73026 3.51109 3.51109 2 2 1
5.72971 3.5593 3.5593 2 2 1
5.72916 3.60747 3.60747 2 2 1
5.72861 3.6556 3.6556 2 2 1
5.72806 3.70368 3.70368 2 2 1
5.7275 3.75172 3.75172 2 2 1
5.72694 3.79972 3.79972 2 2 1
5.72638 3.84767 3.84767 2 2 1
5.72581 3.89558 3.89558 2 2 1
5.72525 3.94344 3.94344 2 2 1
5.72467 3.99125 3.99125 2 2 1
5.7241 4.03901 4.03901 2 2 1
5.72352 4.08672 4.08672 2 2 1
5.72295 4.13438 4.13438 2 2 1
5.72236 4.18198 4.18198 2 2 1
5.72178 4.22952 4.22952 2 2 1
5.72119 4.27701 4.27701 2 2 1
5.7206 4.32444 4.32444 2 2 1
5.72 4.37181 4.37181 2 2 1
5.71941 4.41912 4.41912 2 2 1
5.71881 4.46636 4.46636 2 2 1
5.71821 4.51354 4.51354 2 2 1
5.7176 4.56065 4.56065 2 2 1
5.71699 4.60769 4.60769 2 2 1
5.71638 4.65466 4.65466 2 2 1
5.71576 4.70155 4.70155 2 2 1
5.71515 4.74837 4.74837 2 2 1
5.71453 4.79512 4.79512 2 2 1
5.7139 4.84178 4.84178 2 2 1
5.71328 4.88836 4.88836 2 2 1
5.71265 4.93486 4.93486 2 2 1
5.71201 4.98127 4.98127 2 2 1
5.71138 5.0276 5.0276 2 2 1
5.71074 5.07383 5.07383 2 2 1
5.7101 5.11997 5.11997 2 2 1
5.70945 5.16601 5.16601 2 2 1
5.7088 5.21196 5.21196 2 2 1
5.70815 5.2578 5.2578 2 2 1
5.7075 5.30354 5.30354 2 2 1
5.70684 5.34917 5.34917 2 2 1
5.70618 5.3947 5.3947 2 2 1
5.70552 5.44011 5.44011 2 2 1
5.70485 5.4854 5.4854 2 2 1
5.70419 5.53058 5.53058 2 2 1
5.70351 5.57563 5.57563 2 2 1
5.70284 5.62056 5.62056 2 2 1
5.70216 5.66536 5.66536 2 2 1
5.70148 5.71003 5.71003 2 2 1
5.7008 5.75456 5.75456 2 2 1
5.70011 5.79895 5.79895 2 2 1
5.69942 5.84321 5.84321 2 2 1
5.69873 5.88731 5.88731 2 2 1
5.69804 5.93127 5.93127 2 2 1
5.69734 5.97507 5.97507 2 2 1
5.69664 6.01872 6.01872 2 2 1
5.69594 6.0622 6.0622 2 2 1
5.69523 6.10552 6.10552 2 2 1
5.69452 6.14867 6.14867 2 2 1
5.69381 6.19165 6.19165 2 2 1
5.6931 6.23445 6.23445 2 2 1
5.69238 6.27708 6.27708 2 2 1
5.69167 6.31951 6.31951 2 2 1
5.69095 6.36175 6.36175 2 2 1
5.69022 6.40381 6.40381 2 2 1
5.6895 6.44566 6.44566 2 2 1
5.68877 6.48731 6.48731 2 2 1
5.68804 6.52876 6.52876 2 2 1
5.68731 6.56999 6.56999 2 2 1
5.68658 6.61101 6.61101 2 2 1
5.68585 6.65181 6.65181 2 2 1
5.68511 6.69239 6.69239 2 2 1
5.68437 6.73273 6.73273 2 2 1
5.68363 6.77285 6.77285 2 2 1
5.68289 6.81273 6.81273 2 2 1
5.68215 6.85236 6.85236 2 2 1
5.68141 6.89176 6.89176 2 2 1
5.68066 6.9309 6.9309 2 2 1
5.67991 6.96979 6.96979 2 2 1
5.67917 7.00842 7.00842 2 2 1
5.67842 7.04679 7.04679 2 2 1
5.67767 7.08489 7.08489 2 2 1
5.67692 7.12273 7.12273 2 2 1
5.67617 7.16029 7.16029 2 2 1
5.67542 7.19757 7.19757 2 2 1
5.67467 7.23458 7.23458 2 2 1
5.67391 7.2713 7.2713 2 2 1
5.67316 7.30773 7.30773 2 2 1
5.67241 7.34387 7.34387 2 2 1
5.67166 7.37972 7.37972 2 2 1
5.67091 7.41527 7.41527 2 2 1
5.67015 7.45052 7.45052 2 2 1
5.6694 7.48547 7.48547 2 2 1
5.66865 7.52012 7.52012 2 2 1
5.6679 7.55446 7.55446 2 2 1
5.66715 7.58849 7.58849 2 2 1
5.6664 7.6222 7.6222 2 2 1
5.66565 7.65561 7.65561 2 2 1
5.6649 7.68869 7.68869 2 2 1
5.66415 7.72146 7.72146 2 2 1
5.66341 7.75392 7.75392 2 2 1
5.66266 7.78605 7.78605 2 2 1
5.66192 7.81786 7.81786 2 2 1
5.66118 7.84936 7.84936 2 2 1
5.66044 7.88053 7.88053 2 2 1
5.6597 7.91137 7.91137 2 2 1
5.65896 7.9419 7.9419 2 2 1
5.65823 7.9721 7.9721 2 2 1
5.6575 8.00197 8.00197 2 2 1
5.65677 8.03153 8.03153 2 2 1
5.65604 8.06076 8.06076 2 2 1
5.65531 8.08967 8.08967 2 2 1
5.65459 8.11825 8.11825 2 2 1
5.65386 8.14652 8.14652 2 2 1
5.65314 8.17446 8.17446 2 2 1
5.65243 8.20209 8.20209 2 2 1
5.65171 8.2294 8.2294 2 2 1
5.651 8.25639 8.25639 2 2 1
5.65029 8.28306 8.28306 2 2 1
5.64958 8.30943 8.30943 2 2 1
5.64888 8.33548 8.33548 2 2 1
5.64818 8.36122 8.36122 2 2 1
5.64748 8.38665 8.38665 2 2 1
5.64679 8.41178 8.41178 2 2 1
5.64609 8.4366 8.4366 2 2 1
5.6454 8.46113 8.46113 2 2 1
5.64472 8.48535 8.48535 2 2 1
5.64404 8.50927 8.50927 2 2 1
5.64336 8.53291 8.53291 2 2 1
5.64268 8.55624 8.55624 2 2 1
5.64201 8.57929 8.57929 2 2 1
5.64134 8.60206 8.60206 2 2 1
5.64067 8.62454 8.62454 2 2 1
5.64001 8.64674 8.64674 2 2 1
5.63935 8.66866 8.66866 2 2 1
5.63869 8.6903 8.6903 2 2 1
5.63804 8.71168 8.71168 2 2 1
5.63739 8.73278 8.73278 2 2 1
5.63674 8.75362 8.75362 2 2 1
5.6361 8.77419 8.77419 2 2 1
5.63546 8.79451 8.79451 2 2 1
5.63482 8.81456 8.81456 2 2 1
5.63419 8.83437 8.83437 2 2 1
5.63356 8.85392 8.85392 2 2 1
5.63294 8.87322 8.87322 2 2 1
5.63231 8.89228 8.89228 2 2 1
5.63169 8.91109 8.91109 2 2 1
5.63108 8.92967 8.92967 2 2 1
5.63047 8.94801 8.94801 2 2 1
5.62986 8.96612 8.96612 2 2 1
5.62925 8.984 8.984 2 2 1
5.62865 9.00165 9.00165 2 2 1
5.62806 9.01908 9.01908 2 2 1
5.62746 9.03629 9.03629 2 2 1
5.62687 9.05328 9.05328 2 2 1
5.62628 9.07006 9.07006 2 2 1
5.6257 9.08662 9.08662 2 2 1
5.62512 9.10298 9.10298 2 2 1
5.62454 9.11913 9.11913 2 2 1
5.62397 9.13508 9.13508 2 2 1
5.6234 9.15082 9.15082 2 2 1
5.62283 9.16637 9.16637 2 2 1
5.62227 9.18173 9.18173 2 2 1
5.62171 9.19689 9.19689 2 2 1
5.62115 9.21187 9.21187 2 2 1
5.62059 9.22665 9.22665 2 2 1
5.62004 9.24126 9.24126 2 2 1
5.6195 9.25568 9.25568 2 2 1
5.61895 9.26993 9.26993 2 2 1
5.61841 9.284 9.284 2 2 1
5.61787 9.2979 9.2979 2 2 1
5.61734 9.31162 9.31162 2 2 1
5.61681 9.32518 9.32518 2 2 1
5.61628 9.33857 9.33857 2 2 1
5.61576 9.3518 9.3518 2 2 1
5.61523 9.36487 9.36487 2 2 1
5.61471 9.37778 9.37778 2 2 1
5.6142 9.39054 9.39054 2 2 1
5.61369 9.40314 9.40314 2 2 1
5.61318 9.41559 9.41559 2 2 1
5.61267 9.42788 9.42788 2 2 1
5.61217 9.44004 9.44004 2 2 1
5.61167 9.45204 9.45204 2 2 1
5.61117 9.46391 9.46391 2 2 1
5.61067 9.47563 9.47563 2 2 1
5.61018 9.48722 9.48722 2 2 1
5.60969 9.49867 9.49867 2 2 1
5.60921 9.50998 9.50998 2 2 1
5.60872 9.52116 9.52116 2 2 1
5.60824 9.53221 9.53221 2 2 1
5.60777 9.54313 9.54313 2 2 1
5.60729 9.55393 9.55393 2 2 1
5.60682 9.5646 9.5646 2 2 1
5.60635 9.57514 9.57514 2 2 1
5.60588 9.58557 9.58557 2 2 1
5.60542 9.59587 9.59587 2 2 1
5.60496 9.60606 9.60606 2 2 1
5.6045 9.61613 9.61613 2 2 1
5.60404 9.62609 9.62609 2 2 1
5.60359 9.63593 9.63593 2 2 1
5.60314 9.64566 9.64566 2 2 1
5.60269 9.65528 9.65528 2 2 1
5.60225 9.6648 9.6648 2 2 1
5.6018 9.67421 9.67421 2 2 1
5.60136 9.68351 9.68351 2 2 1
5.60093 9.69271 9.69271 2 2 1
5.60049 9.7018 9.7018 2 2 1
5.60006 9.7108 9.7108 2 2 1
5.59963 9.7197 9.7197 2 2 1
5.5992 9.72849 9.72849 2 2 1
5.59877 9.7372 9.7372 2 2 1
5.59835 9.7458 9.7458 2 2 1
5.59793 9.75432 9.75432 2 2 1
5.59751 9.76274 9.76274 2 2 1
5.5971 9.77107 9.77107 2 2 1
5.59668 9.77931 9.77931 2 2 1
5.59627 9.78746 9.78746 2 2 1
5.59586 9.79552 9.79552 2 2 1
5.59545 9.8035 9.8035 2 2 1
5.59505 9.81139 9.81139 2 2 1
5.59465 9.8192 9.8192 2 2 1
5.59425 9.82693 9.82693 2 2 1
5.59385 9.83457 9.83457 2 2 1
5.59345 9.84213 9.84213 2 2 1
5.59306 9.84962 9.84962 2 2 1
5.59267 9.85703 9.85703 2 2 1
5.59228 9.86435 9.86435 2 2 1
5.59189 9.87161 9.87161 2 2 1
5.59151 9.87878 9.87878 2 2 1
5.59112 9.88589 9.88589 2 2 1
5.59074 9.89292 9.89292 2 2 1
5.59036 9.89987 9.89987 2 2 1
5.58999 9.90676 9.90676 2 2 1
5.58961 9.91358 9.91358 2 2 1
5.58924 9.92032 9.92032 2 2 1
5.58887 9.927 9.927 2 2 1
5.5885 9.93361 9.93361 2 2 1
5.58813 9.94015 9.94015 2 2 1
5.58777 9.94663 9.94663 2 2 1
5.5874 9.95304 9.95304 2 2 1
5.58704 9.95939 9.95939 2 2 1
5.58668 9.96568 9.96568 2 2 1
5.58632 9.9719 9.9719 2 2 1
5.58597 9.97806 9.97806 2 2 1
5.58562 9.98416 9.98416 2 2 1
5.58526 9.9902 9.9902 2 2 1
5.58491 9.99618 9.99618 2 2 1
5.58457 10.0021 10.0021 2 2 1
5.58422 10.008 10.008 2 2 1
5.58387 10.0138 10.0138 2 2 1
5.58353 10.0195 10.0195 2 2 1
5.58319 10.0252 10.0252 2 2 1
5.58285 10.0309 10.0309 2 2 1
5.58251 10.0364 10.0364 2 2 1
5.58218 10.042 10.042 2 2 1
5.58184 10.0475 10.0475 2 2 1
5.58151 10.0529 10.0529 2 2 1
5.58118 10.0583 10.0583 2 2 1
5.58085 10.0636 10.0636 2 2 1
5.58052 10.0688 10.0688 2 2 1
5.5802 10.0741 10.0741 2 2 1
5.57987 10.0792 10.0792 2 2 1
5.57955 10.0844 10.0844 2 2 1
5.57923 10.0894 10.0894 2 2 1
5.57891 10.0945 10.0945 2 2 1
5.57859 10.0995 10.0995 2 2 1
5.57828 10.1044 10.1044 2 2 1
5.57796 10.1093 10.1093 2 2 1
5.57765 10.1141 10.1141 2 2 1
5.57734 10.1189 10.1189 2 2 1
5.57703 10.1237 10.1237 2 2 1
5.57672 10.1284 10.1284 2 2 1
5.57641 10.1331 10.1331 2 2 1
5.57611 10.1377 10.1377 2 2 1
5.5758 10.1423 10.1423 2 2 1
5.5755 10.1468 10.1468 2 2 1
5.5752 10.1513 10.1513 2 2 1
5.5749 10.1558 10.1558 2 2 1
5.5746 10.1602 10.1602 2 2 1
5.57431 10.1646 10.1646 2 2 1
5.57401 10.1689 10.1689 2 2 1
5.57372 10.1732 10.1732 2 2 1
5.57343 10.1775 10.1775 2 2 1
5.57314 10.1817 10.1817 2 2 1
5.57285 10.1859 10.1859 2 2 1
5.57256 10.1901 10.1901 2 2 1
5.57227 10.1942 10.1942 2 2 1
5.57199 10.1983 10.1983 2 2 1
5.5717 10.2023 10.2023 2 2 1
5.57142 10.2063 10.2063 2 2 1
5.57114 10.2103 10.2103 2 2 1
5.57086 10.2142 10.2142 2 2 1
5.57058 10.2181 10.2181 2 2 1
5.5703 10.222 10.222 2 2 1
5.57003 10.2258 10.2258 2 2 1
5.56975 10.2296 10.2296 2 2 1
5.56948 10.2334 10.2334 2 2 1
5.56921 10.2371 10.2371 2 2 1
5.56894 10.2408 10.2408 2 2 1
5.56867 10.2445 10.2445 2 2 1
5.5684 10.2481 10.2481 2 2 1
5.56813 10.2518 10.2518 2 2 1
5.56787 10.2553 10.2553 2 2 1
5.5676 10.2589 10.2589 2 2 1
5.56734 10.2624 10.2624 2 2 1
5.56708 10.2659 10.2659 2 2 1
5.56682 10.2693 10.2693 2 2 1
5.56656 10.2728 10.2728 2 2 1
5.5663 10.2762 10.2762 2 2 1
5.56604 10.2796 10.2796 2 2 1
5.56579 10.2829 10.2829 2 2 1
5.56553 10.2862 10.2862 2 2 1
5.56528 10.2895 10.2895 2 2 1
5.56502 10.2928 10.2928 2 2 1
5.56477 10.296 10.296 2 2 1
5.56452 10.2992 10.2992 2 2 1
5.56427 10.3024 10.3024 2 2 1
5.56403 10.3055 10.3055 2 2 1
5.56378 10.3087 10.3087 2 2 1
5.56353 10.3118 10.3118 2 2 1
5.56329 10.3148 10.3148 2 2 1
5.56304 10.3179 10.3179 2 2 1
5.5628 10.3209 10.3209 2 2 1
5.56256 10.3239 10.3239 2 2 1
5.56232 10.3269 10.3269 2 2 1
5.56208 10.3299 10.3299 2 2 1
5.56184 10.3328 10.3328 2 2 1
5.56161 10.3357 10.3357 2 2 1
5.56137 10.3386 10.3386 2 2 1
5.56114 10.3414 10.3414 2 2 1
5.5609 10.3443 10.3443 2 2 1
5.56067 10.3471 10.3471 2 2 1
5.56044 10.3499 10.3499 2 2 1
5.56021 10.3527 10.3527 2 2 1
5.55998 10.3554 10.3554 2 2 1
5.55975 10.3581 10.3581 2 2 1
5.55952 10.3608 10.3608 2 2 1
5.55929 10.3635 10.3635 2 2 1
5.55907 10.3662 10.3662 2 2 1
5.55884 10.3688 10.3688 2 2 1
5.55862 10.3714 10.3714 2 2 1
5.5584 10.374 10.374 2 2 1
5.55818 10.3766 10.3766 2 2 1
5.55795 10.3792 10.3792 2 2 1
5.55773 10.3817 10.3817 2 2 1
5.55752 10.3842 10.3842 2 2 1
5.5573 10.3867 10.3867 2 2 1
5.55708 10.3892 10.3892 2 2 1
5.55686 10.3917 10.3917 2 2 1
5.55665 10.3941 10.3941 2 2 1
5.55644 10.3965 10.3965 2 2 1
5.55622 10.3989 10.3989 2 2 1
5.55601 10.4013 10.4013 2 2 1
5.5558 10.4037 10.4037 2 2 1
5.55559 10.406 10.406 2 2 1
5.55538 10.4083 10.4083 2 2 1
5.55517 10.4107 10.4107 2 2 1
5.55496 10.4129 10.4129 2 2 1
5.55476 10.4152 10.4152 2 2 1
5.55455 10.4175 10.4175 2 2 1
5.55434 10.4197 10.4197 2 2 1
5.55414 10.4219 10.4219 2 2 1
5.55394 10.4242 10.4242 2 2 1
5.55373 10.4263 10.4263 2 2 1
5.55353 10.4285 10.4285 2 2 1
5.55333 10.4307 10.4307 2 2 1
5.55313 10.4328 10.4328 2 2 1
5.55293 10.4349 10.4349 2 2 1
5.55274 10.4371 10.4371 2 2 1
5.55254 10.4391 10.4391 2 2 1
5.55234 10.4412 10.4412 2 2 1
5.55215 10.4433 10.4433 2 2 1
5.55195 10.4453 10.4453 2 2 1
5.55176 10.4474 10.4474 2 2 1
5.55156 10.4494 10.4494 2 2 1
5.55137 10.4514 10.4514 2 2 1
5.55118 10.4534 10.4534 2 2 1
5.55099 10.4553 10.4553 2 2 1
5.5508 10.4573 10.4573 2 2 1
5.55061 10.4592 10.4592 2 2 1
5.55042 10.4612 10.4612 2 2 1
5.55023 10.4631 10.4631 2 2 1
5.55005 10.465 10.465 2 2 1
5.54986 10.4669 10.4669 2 2 1
5.54968 10.4687 10.4687 2 2 1
5.54949 10.4706 10.4706 2 2 1
5.54931 10.4724 10.4724 2 2 1
5.54913 10.4743 10.4743 2 2 1
5.54894 10.4761 10.4761 2 2 1
5.54876 10.4779 10.4779 2 2 1
5.54858 10.4797 10.4797 2 2 1
5.5484 10.4815 10.4815 2 2 1
5.54822 10.4832 10.4832 2 2 1
5.54804 10.485 10.485 2 2 1
5.54787 10.4867 10.4867 2 2 1
5.54769 10.4884 10.4884 2 2 1
5.54751 10.4902 10.4902 2 2 1
5.54734 10.4919 10.4919 2 2 1
5.54716 10.4936 10.4936 2 2 1
5.54699 10.4952 10.4952 2 2 1
5.54682 10.4969 10.4969 2 2 1
5.54664 10.4986 10.4986 2 2 1
5.54647 10.5002 10.5002 2 2 1
5.5463 10.5018 10.5018 2 2 1
5.54613 10.5034 10.5034 2 2 1
5.54596 10.5051 10.5051 2 2 1
5.54579 10.5066 10.5066 2 2 1
5.54562 10.5082 10.5082 2 2 1
5.54546 10.5098 10.5098 2 2 1
5.54529 10.5114 10.5114 2 2 1
5.54512 10.5129 10.5129 2 2 1
5.54496 10.5145 10.5145 2 2 1
5.54479 10.516 10.516 2 2 1
5.54463 10.5175 10.5175 2 2 1
5.54446 10.519 10.519 2 2 1
5.5443 10.5205 10.5205 2 2 1
5.54414 10.522 10.522 2 2 1
5.54398 10.5235 10.5235 2 2 1
5.54382 10.5249 10.5249 2 2 1
5.54366 10.5264 10.5264 2 2 1
5.5435 10.5278 10.5278 2 2 1
5.54334 10.5293 10.5293 2 2 1
5.54318 10.5307 10.5307 2 2 1
5.54302 10.5321 10.5321 2 2 1
5.54286 10.5335 10.5335 2 2 1
5.54271 10.5349 10.5349 2 2 1
5.54255 10.5363 10.5363 2 2 1
5.5424 10.5377 10.5377 2 2 1
5.54224 10.539 10.539 2 2 1
5.54209 10.5404 10.5404 2 2 1
5.54193 10.5417 10.5417 2 2 1
5.54178 10.5431 10.5431 2 2 1
5.54163 10.5444 10.5444 2 2 1
5.54148 10.5457 10.5457 2 2 1
5.54133 10.547 10.547 2 2 1
5.54118 10.5483 10.5483 2 2 1
5.54103 10.5496 10.5496 2 2 1
5.54088 10.5509 10.5509 2 2 1
5.54073 10.5522 10.5522 2 2 1
5.54058 10.5535 10.5535 2 2 1
5.54044 10.5547 10.5547 2 2 1
5.54029 10.556 10.556 2 2 1
5.54014 10.5572 10.5572 2 2 1
5.54 10.5584 10.5584 2 2 1
5.53985 10.5597 10.5597 2 2 1
5.53971 10.5609 10.5609 2 2 1
5.53956 10.5621 10.5621 2 2 1
5.53942 10.5633 10.5633 2 2 1
5.53928 10.5645 10.5645 2 2 1
5.53914 10.5656 10.5656 2 2 1
5.539 10.5668 10.5668 2 2 1
5.53885 10.568 10.568 2 2 1
5.53871 10.5691 10.5691 2 2 1
5.53857 10.5703 10.5703 2 2 1
5.53843 10.5714 10.5714 2 2 1
5.5383 10.5726 10.5726 2 2 1
5.53816 10.5737 10.5737 2 2 1
5.53802 10.5748 10.5748 2 2 1
5.53788 10.5759 10.5759 2 2 1
5.53775 10.577 10.577 2 2 1
5.53761 10.5781 10.5781 2 2 1
5.53748 10.5792 10.5792 2 2 1
5.53734 10.5803 10.5803 2 2 1
5.53721 10.5814 10.5814 2 2 1
5.53707 10.5825 10.5825 2 2 1
5.53694 10.5835 10.5835 2 2 1
5.53681 10.5846 10.5846 2 2 1
5.53667 10.5856 10.5856 2 2 1
5.53654 10.5867 10.5867 2 2 1
5.53641 10.5877 10.5877 2 2 1
5.53628 10.5887 10.5887 2 2 1
5.53615 10.5897 10.5897 2 2 1
5.53602 10.5908 10.5908 2 2 1
5.53589 10.5918 10.5918 2 2 1
5.53576 10.5928 10.5928 2 2 1
5.53564 10.5937 10.5937 2 2 1
5.53551 10.5947 10.5947 2 2 1
5.53538 10.5957 10.5957 2 2 1
5.53525 10.5967 10.5967 2 2 1
5.53513 10.5977 10.5977 2 2 1
5.535 10.5986 10.5986 2 2 1
5.53488 10.5996 10.5996 2 2 1
5.53475 10.6005 10.6005 2 2 1
5.53463 10.6015 10.6015 2 2 1
5.5345 10.6024 10.6024 2 2 1
5.53438 10.6033 10.6033 2 2 1
5.53426 10.6042 10.6042 2 2 1
5.53414 10.6052 10.6052 2 2 1
5.53402 10.6061 10.6061 2 2 1
5.53389 10.607 10.607 2 2 1
5.53377 10.6079 10.6079 2 2 1
5.53365 10.6088 10.6088 2 2 1
5.53353 10.6097 10.6097 2 2 1
5.53341 10.6105 10.6105 2 2 1
5.53329 10.6114 10.6114 2 2 1
5.53318 10.6123 10.6123 2 2 1
5.53306 10.6132 10.6132 2 2 1
5.53294 10.614 10.614 2 2 1
5.53282 10.6149 10.6149 2 2 1
5.53271 10.6157 10.6157 2 2 1
5.53259 10.6166 10.6166 2 2 1
5.53248 10.6174 10.6174 2 2 1
5.53236 10.6182 10.6182 2 2 1
5.53225 10.619 10.619 2 2 1
5.53213 10.6199 10.6199 2 2 1
5.53202 10.6207 10.6207 2 2 1
5.5319 10.6215 10.6215 2 2 1
5.53179 10.6223 10.6223 2 2 1
5.53168 10.6231 10.6231 2 2 1
5.53157 10.6239 10.6239 2 2 1
5.53145 10.6247 10.6247 2 2 1
5.53134 10.6255 10.6255 2 2 1
5.53123 10.6262 10.6262 2 2 1
5.53112 10.627 10.627 2 2 1
5.53101 10.6278 10.6278 2 2 1
5.5309 10.6286 10.6286 2 2 1
5.53079 10.6293 10.6293 2 2 1
5.53068 10.6301 10.6301 2 2 1
5.53058 10.6308 10.6308 2 2 1
5.53047 10.6316 10.6316 2 2 1
5.53036 10.6323 10.6323 2 2 1
5.53025 10.633 10.633 2 2 1
5.53015 10.6338 10.6338 2 2 1
5.53004 10.6345 10.6345 2 2 1
5.52994 10.6352 10.6352 2 2 1
5.52983 10.6359 10.6359 2 2 1
5.52973 10.6367 10.6367 2 2 1
5.52962 10.6374 10.6374 2 2 1
5.52952 10.6381 10.6381 2 2 1
5.52941 10.6388 10.6388 2 2 1
5.52931 10.6395 10.6395 2 2 1
5.52921 10.6401 10.6401 2 2 1
5.5291 10.6408 10.6408 2 2 1
5.529 10.6415 10.6415 2 2 1
5.5289 10.6422 10.6422 2 2 1
5.5288 10.6429 10.6429 2 2 1
5.5287 10.6435 10.6435 2 2 1
5.5286 10.6442 10.6442 2 2 1
5.5285 10.6449 10.6449 2 2 1
5.5284 10.6455 10.6455 2 2 1
5.5283 10.6462 10.6462 2 2 1
5.5282 10.6468 10.6468 2 2 1
5.5281 10.6475 10.6475 2 2 1
5.528 10.6481 10.6481 2 2 1
5.5279 10.6487 10.6487 2 2 1
5.52781 10.6494 10.6494 2 2 1
5.52771 10.65 10.65 2 2 1
5.52761 10.6506 10.6506 2 2 1
5.52752 10.6512 10.6512 2 2 1
5.52742 10.6518 10.6518 2 2 1
5.52732 10.6525 10.6525 2 2 1
5.52723 10.6531 10.6531 2 2 1
5.52713 10.6537 10.6537 2 2 1
5.52704 10.6543 10.6543 2 2 1
5.52694 10.6549 10.6549 2 2 1
5.52685 10.6555 10.6555 2 2 1
5.52676 10.6561 10.6561 2 2 1
5.52666 10.6566 10.6566 2 2 1
5.52657 10.6572 10.6572 2 2 1
5.52648 10.6578 10.6578 2 2 1
5.52639 10.6584 10.6584 2 2 1
5.5263 10.6589 10.6589 2 2 1
5.5262 10.6595 10.6595 2 2 1
5.52611 10.6601 10.6601 2 2 1
5.52602 10.6606 10.6606 2 2 1
5.52593 10.6612 10.6612 2 2 1
5.52584 10.6617 10.6617 2 2 1
5.52575 10.6623 10.6623 2 2 1
5.52566 10.6628 10.6628 2 2 1
5.52557 10.6634 10.6634 2 2 1
5.52549 10.6639 10.6639 2 2 1
5.5254 10.6645 10.6645 2 2 1
5.52531 10.665 10.665 2 2 1
5.52522 10.6655 10.6655 2 2 1
5.52513 10.6661 10.6661 2 2 1
5.52505 10.6666 10.6666 2 2 1
5.52496 10.6671 10.6671 2 2 1
5.52488 10.6676 10.6676 2 2 1
5.52479 10.6681 10.6681 2 2 1
5.5247 10.6686 10.6686 2 2 1
5.52462 10.6691 10.6691 2 2 1
5.52453 10.6697 10.6697 2 2 1
5.52445 10.6702 10.6702 2 2 1
5.52436 10.6707 10.6707 2 2 1
5.52428 10.6711 10.6711 2 2 1
5.5242 10.6716 10.6716 2 2 1
5.52411 10.6721 10.6721 2 2 1
5.52403 10.6726 10.6726 2 2 1
5.52395 10.6731 10.6731 2 2 1
5.52387 10.6736 10.6736 2 2 1
5.52378 10.6741 10.6741 2 2 1
5.5237 10.6745 10.6745 2 2 1
5.52362 10.675 10.675 2 2 1
5.52354 10.6755 10.6755 2 2 1
5.52346 10.6759 10.6759 2 2 1
5.52338 10.6764 10.6764 2 2 1
5.5233 10.6769 10.6769 2 2 1
5.52322 10.6773 10.6773 2 2 1
5.52314 10.6778 10.6778 2 2 1
5.52306 10.6782 10.6782 2 2 1
5.52298 10.6787 10.6787 2 2 1
5.5229 10.6791 10.6791 2 2 1
5.52282 10.6796 10.6796 2 2 1
5.52275 10.68 10.68 2 2 1
5.52267 10.6804 10.6804 2 2 1
5.52259 10.6809 10.6809 2 2 1
5.52251 10.6813 10.6813 2 2 1
5.52244 10.6817 10.6817 2 2 1
5.52236 10.6822 10.6822 2 2 1
5.52228 10.6826 10.6826 2 2 1
5.52221 10.683 10.683 2 2 1
5.52213 10.6834 10.6834 2 2 1
5.52206 10.6838 10.6838 2 2 1
5.52198 10.6843 10.6843 2 2 1
5.52191 10.6847 10.6847 2 2 1
5.52183 10.6851 10.6851 2 2 1
5.52176 10.6855 10.6855 2 2 1
5.52168 10.6859 10.6859 2 2 1
5.52161 10.6863 10.6863 2 2 1
5.52154 10.6867 10.6867 2 2 1
5.52146 10.6871 10.6871 2 2 1
5.52139 10.6875 10.6875 2 2 1
5.52132 10.6879 10.6879 2 2 1
5.52125 10.6883 10.6883 2 2 1
5.52117 10.6887 10.6887 2 2 1
5.5211 10.689 10.689 2 2 1
5.52103 10.6894 10.6894 2 2 1
5.52096 10.6898 10.6898 2 2 1
5.52089 10.6902 10.6902 2 2 1
5.52082 10.6906 10.6906 2 2 1
5.52075 10.6909 10.6909 2 2 1
5.52068 10.6913 10.6913 2 2 1
5.52061 10.6917 10.6917 2 2 1
5.52054 10.692 10.692 2 2 1
5.52047 10.6924 10.6924 2 2 1
5.5204 10.6928 10.6928 2 2 1
5.52033 10.6931 10.6931 2 2 1
5.52026 10.6935 10.6935 2 2 1
5.52019 10.6938 10.6938 2 2 1
5.52013 10.6942 10.6942 2 2 1
5.52006 10.6945 10.6945 2 2 1
5.51999 10.6949 10.6949 2 2 1
5.51992 10.6952 10.6952 2 2 1
5.51986 10.6956 10.6956 2 2 1
5.51979 10.6959 10.6959 2 2 1
5.51972 10.6963 10.6963 2 2 1
5.51966 10.6966 10.6966 2 2 1
5.51959 10.6969 10.6969 2 2 1
5.51953 10.6973 10.6973 2 2 1
5.51946 10.6976 10.6976 2 2 1
5.51939 10.6979 10.6979 2 2 1
5.51933 10.6983 10.6983 2 2 1
5.51927 10.6986 10.6986 2 2 1
5.5192 10.6989 10.6989 2 2 1
5.51914 10.6993 10.6993 2 2 1
5.51907 10.6996 10.6996 2 2 1
5.51901 10.6999 10.6999 2 2 1
5.51895 10.7002 10.7002 2 2 1
5.51888 10.7005 10.7005 2 2 1
5.51882 10.7008 10.7008 2 2 1
5.51876 10.7012 10.7012 2 2 1
5.51869 10.7015 10.7015 2 2 1
5.51863 10.7018 10.7018 2 2 1
5.51857 10.7021 10.7021 2 2 1
5.51851 10.7024 10.7024 2 2 1
5.51845 10.7027 10.7027 2 2 1
5.51838 10.703 10.703 2 2 1
5.51832 10.7033 10.7033 2 2 1
5.51826 10.7036 10.7036 2 2 1
5.5182 10.7039 10.7039 2 2 1
5.51814 10.7042 10.7042 2 2 1
5.51808 10.7045 10.7045 2 2 1
5.51802 10.7048 10.7048 2 2 1
5.51796 10.705 10.705 2 2 1
5.5179 10.7053 10.7053 2 2 1
5.51784 10.7056 10.7056 2 2 1
5.51778 10.7059 10.7059 2 2 1
5.51773 10.7062 10.7062 2 2 1
5.51767 10.7065 10.7065 2 2 1
5.51761 10.7067 10.7067 2 2 1
5.51755 10.707 10.707 2 2 1
5.51749 10.7073 10.7073 2 2 1
5.51743 10.7076 10.7076 2 2 1
5.51738 10.7078 10.7078 2 2 1
5.51732 10.7081 10.7081 2 2 1
5.51726 10.7084 10.7084 2 2 1
5.51721 10.7086 10.7086 2 2 1
5.51715 10.7089 10.7089 2 2 1
5.51709 10.7092 10.7092 2 2 1
5.51704 10.7094 10.7094 2 2 1
5.51698 10.7097 10.7097 2 2 1
5.51693 10.71 10.71 2 2 1
5.51687 10.7102 10.7102 2 2 1
5.51681 10.7105 10.7105 2 2 1
5.51676 10.7107 10.7107 2 2 1
5.5167 10.711 10.711 2 2 1
5.51665 10.7112 10.7112 2 2 1
5.5166 10.7115 10.7115 2 2 1
5.51654 10.7117 10.7117 2 2 1
5.51649 10.712 10.712 2 2 1
5.51643 10.7122 10.7122 2 2 1
5.51638 10.7125 10.7125 2 2 1
5.51633 10.7127 10.7127 2 2 1
5.51627 10.7129 10.7129 2 2 1
5.51622 10.7132 10.7132 2 2 1
5.51617 10.7134 10.7134 2 2 1
5.51611 10.7137 10.7137 2 2 1
5.51606 10.7139 10.7139 2 2 1
5.51601 10.7141 10.7141 2 2 1
5.51596 10.7144 10.7144 2 2 1
5.51591 10.7146 10.7146 2 2 1
5.51585 10.7148 10.7148 2 2 1
5.5158 10.7151 10.7151 2 2 1
5.51575 10.7153 10.7153 2 2 1
5.5157 10.7155 10.7155 2 2 1
5.51565 10.7157 10.7157 2 2 1
5.5156 10.716 10.716 2 2 1
5.51555 10.7162 10.7162 2 2 1
5.5155 10.7164 10.7164 2 2 1
5.51545 10.7166 10.7166 2 2 1
5.5154 10.7168 10.7168 2 2 1
5.51535 10.7171 10.7171 2 2 1
5.5153 10.7173 10.7173 2 2 1
5.51525 10.7175 10.7175 2 2 1
5.5152 10.7177 10.7177 2 2 1
5.51515 10.7179 10.7179 2 2 1
5.5151 10.7181 10.7181 2 2 1
5.51506 10.7183 10.7183 2 2 1
5.51501 10.7185 10.7185 2 2 1
5.51496 10.7187 10.7187 2 2 1
5.51491 10.7189 10.7189 2 2 1
5.51486 10.7192 10.7192 2 2 1
5.51482 10.7194 10.7194 2 2 1
5.51477 10.7196 10.7196 2 2 1
5.51472 10.7198 10.7198 2 2 1
5.51467 10.72 10.72 2 2 1
5.51463 10.7202 10.7202 2 2 1
5.51458 10.7204 10.7204 2 2 1
5.51453 10.7206 10.7206 2 2 1
5.51449 10.7207 10.7207 2 2 1
5.51444 10.7209 10.7209 2 2 1
5.51439 10.7211 10.7211 2 2 1
5.51435 10.7213 10.7213 2 2 1
5.5143 10.7215 10.7215 2 2 1
5.51426 10.7217 10.7217 2 2 1
5.51421 10.7219 10.7219 2 2 1
5.51417 10.7221 10.7221 2 2 1
5.51412 10.7223 10.7223 2 2 1
5.51408 10.7225 10.7225 2 2 1
5.51403 10.7226 10.7226 2 2 1
5.51399 10.7228 10.7228 2 2 1
5.51394 10.723 10.723 2 2 1
5.5139 10.7232 10.7232 2 2 1
5.51386 10.7234 10.7234 2 2 1
5.51381 10.7235 10.7235 2 2 1
5.51377 10.7237 10.7237 2 2 1
5.51373 10.7239 10.7239 2 2 1
5.51368 10.7241 10.7241 2 2 1
5.51364 10.7242 10.7242 2 2 1
5.5136 10.7244 10.7244 2 2 1
5.51355 10.7246 10.7246 2 2 1
5.51351 10.7248 10.7248 2 2 1
5.51347 10.7249 10.7249 2 2 1
5.51343 10.7251 10.7251 2 2 1
5.51338 10.7253 10.7253 2 2 1
5.51334 10.7254 10.7254 2 2 1
5.5133 10.7256 10.7256 2 2 1
5.51326 10.7258 10.7258 2 2 1
5.51322 10.7259 10.7259 2 2 1
5.51318 10.7261 10.7261 2 2 1
5.51313 10.7263 10.7263 2 2 1
5.51309 10.7264 10.7264 2 2 1
5.51305 10.7266 10.7266 2 2 1
5.51301 10.7267 10.7267 2 2 1
5.51297 10.7269 10.7269 2 2 1
5.51293 10.7271 10.7271 2 2 1
5.51289 10.7272 10.7272 2 2 1
5.51285 10.7274 10.7274 2 2 1
5.51281 10.7275 10.7275 2 2 1
5.51277 10.7277 10.7277 2 2 1
5.51273 10.7278 10.7278 2 2 1
5.51269 10.728 10.728 2 2 1
5.51265 10.7281 10.7281 2 2 1
5.51261 10.7283 10.7283 2 2 1
5.51258 10.7284 10.7284 2 2 1
5.51254 10.7286 10.7286 2 2 1
5.5125 10.7287 10.7287 2 2 1
5.51246 10.7289 10.7289 2 2 1
5.51242 10.729 10.729 2 2 1
5.51238 10.7292 10.7292 2 2 1
5.51234 10.7293 10.7293 2 2 1
5.51231 10.7295 10.7295 2 2 1
5.51227 10.7296 10.7296 2 2 1
5.51223 10.7297 10.7297 2 2 1
5.51219 10.7299 10.7299 2 2 1
5.51216 10.73 10.73 2 2 1
5.51212 10.7302 10.7302 2 2 1
5.51208 10.7303 10.7303 2 2 1
5.51205 10.7304 10.7304 2 2 1
5.51201 10.7306 10.7306 2 2 1
5.51197 10.7307 10.7307 2 2 1
5.51194 10.7309 10.7309 2 2 1
5.5119 10.731 10.731 2 2 1
5.51186 10.7311 10.7311 2 2 1
5.51183 10.7313 10.7313 2 2 1
5.51179 10.7314 10.7314 2 2 1
5.51175 10.7315 10.7315 2 2 1
5.51172 10.7317 10.7317 2 2 1
5.51168 10.7318 10.7318 2 2 1
5.51165 10.7319 10.7319 2 2 1
5.51161 10.732 10.732 2 2 1
5.51158 10.7322 10.7322 2 2 1
5.51154 10.7323 10.7323 2 2 1
5.51151 10.7324 10.7324 2 2 1
5.51147 10.7325 10.7325 2 2 1
5.51144 10.7327 10.7327 2 2 1
5.5114 10.7328 10.7328 2 2 1
5.51137 10.7329 10.7329 2 2 1
5.51134 10.733 10.733 2 2 1
5.5113 10.7332 10.7332 2 2 1
5.51127 10.7333 10.7333 2 2 1
5.51123 10.7334 10.7334 2 2 1
5.5112 10.7335 10.7335 2 2 1
5.51117 10.7336 10.7336 2 2 1
5.51113 10.7338 10.7338 2 2 1
5.5111 10.7339 10.7339 2 2 1
5.51107 10.734 10.734 2 2 1
5.51103 10.7341 10.7341 2 2 1
5.511 10.7342 10.7342 2 2 1
5.51097 10.7343 10.7343 2 2 1
5.51094 10.7345 10.7345 2 2 1
5.5109 10.7346 10.7346 2 2 1
5.51087 10.7347 10.7347 2 2 1
5.51084 10.7348 10.7348 2 2 1
5.51081 10.7349 10.7349 2 2 1
5.51077 10.735 10.735 2 2 1
5.51074 10.7351 10.7351 2 2 1
5.51071 10.7352 10.7352 2 2 1
5.51068 10.7354 10.7354 2 2 1
5.51065 10.7355 10.7355 2 2 1
5.51062 10.7356 10.7356 2 2 1
5.51059 10.7357 10.7357 2 2 1
5.51055 10.7358 10.7358 2 2 1
5.51052 10.7359 10.7359 2 2 1
5.51049 10.736 10.736 2 2 1
5.51046 10.7361 10.7361 2 2 1
5.51043 10.7362 10.7362 2 2 1
5.5104 10.7363 10.7363 2 2 1
5.51037 10.7364 10.7364 2 2 1
5.51034 10.7365 10.7365 2 2 1
5.51031 10.7366 10.7366 2 2 1
5.51028 10.7367 10.7367 2 2 1
5.51025 10.7368 10.7368 2 2 1
5.51022 10.7369 10.7369 2 2 1
5.51019 10.737 10.737 2 2 1
5.51016 10.7371 10.7371 2 2 1
5.51013 10.7372 10.7372 2 2 1
5.5101 10.7373 10.7373 2 2 1
5.51007 10.7374 10.7374 2 2 1
5.51004 10.7375 10.7375 2 2 1
5.51001 10.7376 10.7376 2 2 1
5.50999 10.7377 10.7377 2 2 1
5.50996 10.7378 10.7378 2 2 1
5.50993 10.7379 10.7379 2 2 1
5.5099 10.738 10.738 2 2 1
5.50987 10.7381 10.7381 2 2 1
5.50984 10.7382 10.7382 2 2 1
5.50981 10.7383 10.7383 2 2 1
5.50979 10.7384 10.7384 2 2 1
5.50976 10.7384 10.7384 2 2 1
5.50973 10.7385 10.7385 2 2 1
5.5097 10.7386 10.7386 2 2 1
5.50967 10.7387 10.7387 2 2 1
5.50965 10.7388 10.7388 2 2 1
5.50962 10.7389 10.7389 2 2 1
5.50959 10.739 10.739 2 2 1
5.50956 10.7391 10.7391 2 2 1
5.50954 10.7392 10.7392 2 2 1
5.50951 10.7392 10.7392 2 2 1
5.50948 10.7393 10.7393 2 2 1
5.50946 10.7394 10.7394 2 2 1
5.50943 10.7395 10.7395 2 2 1
5.5094 10.7396 10.7396 2 2 1
5.50938 10.7397 10.7397 2 2 1
5.50935 10.7397 10.7397 2 2 1
5.50932 10.7398 10.7398 2 2 1
5.5093 10.7399 10.7399 2 2 1
5.50927 10.74 10.74 2 2 1
5.50925 10.7401 10.7401 2 2 1
5.50922 10.7402 10.7402 2 2 1
5.50919 10.7402 10.7402 2 2 1
5.50917 10.7403 10.7403 2 2 1
5.50914 10.7404 10.7404 2 2 1
5.50912 10.7405 10.7405 2 2 1
5.50909 10.7406 10.7406 2 2 1
5.50907 10.7406 10.7406 2 2 1
5.50904 10.7407 10.7407 2 2 1
5.50902 10.7408 10.7408 2 2 1
5.50899 10.7409 10.7409 2 2 1
5.50897 10.7409 10.7409 2 2 1
5.50894 10.741 10.741 2 2 1
5.50892 10.7411 10.7411 2 2 1
5.50889 10.7412 10.7412 2 2 1
5.50887 10.7412 10.7412 2 2 1
5.50884 10.7413 10.7413 2 2 1
5.50882 10.7414 10.7414 2 2 1
5.50879 10.7415 10.7415 2 2 1
5.50877 10.7415 10.7415 2 2 1
5.50875 10.7416 10.7416 2 2 1
5.50872 10.7417 10.7417 2 2 1
5.5087 10.7418 10.7418 2 2 1
5.50867 10.7418 10.7418 2 2 1
5.50865 10.7419 10.7419 2 2 1
5.50863 10.742 10.742 2 2 1
5.5086 10.742 10.742 2 2 1
5.50858 10.7421 10.7421 2 2 1
5.50856 10.7422 10.7422 2 2 1
5.50853 10.7423 10.7423 2 2 1
5.50851 10.7423 10.7423 2 2 1
5.50849 10.7424 10.7424 2 2 1
5.50846 10.7425 10.7425 2 2 1
5.50844 10.7425 10.7425 2 2 1
5.50842 10.7426 10.7426 2 2 1
5.5084 10.7427 10.7427 2 2 1
5.50837 10.7427 10.7427 2 2 1
5.50835 10.7428 10.7428 2 2 1
5.50833 10.7429 10.7429 2 2 1
5.50831 10.7429 10.7429 2 2 1
5.50828 10.743 10.743 2 2 1
5.50826 10.743 10.743 2 2 1
5.50824 10.7431 10.7431 2 2 1
5.50822 10.7432 10.7432 2 2 1
5.5082 10.7432 10.7432 2 2 1
5.50817 10.7433 10.7433 2 2 1
5.50815 10.7434 10.7434 2 2 1
5.50813 10.7434 10.7434 2 2 1
5.50811 10.7435 10.7435 2 2 1
5.50809 10.7435 10.7435 2 2 1
5.50807 10.7436 10.7436 2 2 1
5.50805 10.7437 10.7437 2 2 1
5.50802 10.7437 10.7437 2 2 1
5.508 10.7438 10.7438 2 2 1
5.50798 10.7439 10.7439 2 2 1
5.50796 10.7439 10.7439 2 2 1
5.50794 10.744 10.744 2 2 1
5.50792 10.744 10.744 2 2 1
5.5079 10.7441 10.7441 2 2 1
5.50788 10.7441 10.7441 2 2 1
5.50786 10.7442 10.7442 2 2 1
5.50784 10.7443 10.7443 2 2 1
5.50782 10.7443 10.7443 2 2 1
5.5078 10.7444 10.7444 2 2 1
5.50778 10.7444 10.7444 2 2 1
5.50776 10.7445 10.7445 2 2 1
5.50774 10.7445 10.7445 2 2 1
5.50772 10.7446 10.7446 2 2 1
5.5077 10.7447 10.7447 2 2 1
5.50768 10.7447 10.7447 2 2 1
5.50766 10.7448 10.7448 2 2 1
5.50764 10.7448 10.7448 2 2 1
5.50762 10.7449 10.7449 2 2 1
5.5076 10.7449 10.7449 2 2 1
5.50758 10.745 10.745 2 2 1
5.50756 10.745 10.745 2 2 1
5.50754 10.7451 10.7451 2 2 1
5.50752 10.7451 10.7451 2 2 1
5.5075 10.7452 10.7452 2 2 1
5.50748 10.7452 10.7452 2 2 1
5.50746 10.7453 10.7453 2 2 1
5.50744 10.7453 10.7453 2 2 1
5.50743 10.7454 10.7454 2 2 1
5.50741 10.7454 10.7454 2 2 1
5.50739 10.7455 10.7455 2 2 1
5.50737 10.7455 10.7455 2 2 1
5.50735 10.7456 10.7456 2 2 1
5.50733 10.7456 10.7456 2 2 1
5.50731 10.7457 10.7457 2 2 1
5.5073 10.7457 10.7457 2 2 1
5.50728 10.7458 10.7458 2 2 1
5.50726 10.7458 10.7458 2 2 1
5.50724 10.7459 10.7459 2 2 1
5.50722 10.7459 10.7459 2 2 1
5.50721 10.746 10.746 2 2 1
5.50719 10.746 10.746 2 2 1
5.50717 10.7461 10.7461 2 2 1
5.50715 10.7461 10.7461 2 2 1
5.50713 10.7462 10.7462 2 2 1
5.50712 10.7462 10.7462 2 2 1
5.5071 10.7463 10.7463 2 2 1
5.50708 10.7463 10.7463 2 2 1
5.50706 10.7463 10.7463 2 2 1
5.50705 10.7464 10.7464 2 2 1
5.50703 10.7464 10.7464 2 2 1
5.50701 10.7465 10.7465 2 2 1
5.507 10.7465 10.7465 2 2 1
5.50698 10.7466 10.7466 2 2 1
5.50696 10.7466 10.7466 2 2 1
5.50694 10.7466 10.7466 2 2 1
5.50693 10.7467 10.7467 2 2 1
5.50691 10.7467 10.7467 2 2 1
5.50689 10.7468 10.7468 2 2 1
5.50688 10.7468 10.7468 2 2 1
5.50686 10.7469 10.7469 2 2 1
5.50684 10.7469 10.7469 2 2 1
5.50683 10.7469 10.7469 2 2 1
5.50681 10.747 10.747 2 2 1
5.5068 10.747 10.747 2 2 1
5.50678 10.7471 10.7471 2 2 1
5.50676 10.7471 10.7471 2 2 1
5.50675 10.7471 10.7471 2 2 1
5.50673 10.7472 10.7472 2 2 1
5.50671 10.7472 10.7472 2 2 1
5.5067 10.7473 10.7473 2 2 1
5.50668 10.7473 10.7473 2 2 1
5.50667 10.7473 10.7473 2 2 1
5.50665 10.7474 10.7474 2 2 1
5.50664 10.7474 10.7474 2 2 1
5.50662 10.7475 10.7475 2 2 1
5.5066 10.7475 10.7475 2 2 1
5.50659 10.7475 10.7475 2 2 1
5.50657 10.7476 10.7476 2 2 1
5.50656 10.7476 10.7476 2 2 1
5.50654 10.7477 10.7477 2 2 1
5.50653 10.7477 10.7477 2 2 1
5.50651 10.7477 10.7477 2 2 1
5.5065 10.7478 10.7478 2 2 1
5.50648 10.7478 10.7478 2 2 1
5.50647 10.7478 10.7478 2 2 1
5.50645 10.7479 10.7479 2 2 1
5.50644 10.7479 10.7479 2 2 1
5.50642 10.7479 10.7479 2 2 1
5.50641 10.748 10.748 2 2 1
5.50639 10.748 10.748 2 2 1
5.50638 10.7481 10.7481 2 2 1
5.50636 10.7481 10.7481 2 2 1
5.50635 10.7481 10.7481 2 2 1
5.50633 10.7482 10.7482 2 2 1
5.50632 10.7482 10.7482 2 2 1
5.50631 10.7482 10.7482 2 2 1
5.50629 10.7483 10.7483 2 2 1
5.50628 10.7483 10.7483 2 2 1
5.50626 10.7483 10.7483 2 2 1
5.50625 10.7484 10.7484 2 2 1
5.50623 10.7484 10.7484 2 2 1
5.50622 10.7484 10.7484 2 2 1
5.50621 10.7485 10.7485 2 2 1
5.50619 10.7485 10.7485 2 2 1
5.50618 10.7485 10.7485 2 2 1
5.50617 10.7486 10.7486 2 2 1
5.50615 10.7486 10.7486 2 2 1
5.50614 10.7486 10.7486 2 2 1
5.50612 10.7486 10.7486 2 2 1
5.50611 10.7487 10.7487 2 2 1
5.5061 10.7487 10.7487 2 2 1
5.50608 10.7487 10.7487 2 2 1
5.50607 10.7488 10.7488 2 2 1
5.50606 10.7488 10.7488 2 2 1
5.50604 10.7488 10.7488 2 2 1
5.50603 10.7489 10.7489 2 2 1
5.50602 10.7489 10.7489 2 2 1
5.506 10.7489 10.7489 2 2 1
5.50599 10.749 10.749 2 2 1
5.50598 10.749 10.749 2 2 1
5.50596 10.749 10.749 2 2 1
5.50595 10.749 10.749 2 2 1
5.50594 10.7491 10.7491 2 2 1
5.50593 10.7491 10.7491 2 2 1
5.50591 10.7491 10.7491 2 2 1
5.5059 10.7492 10.7492 2 2 1
5.50589 10.7492 10.7492 2 2 1
5.50588 10.7492 10.7492 2 2 1
5.50586 10.7492 10.7492 2 2 1
5.50585 10.7493 10.7493 2 2 1
5.50584 10.7493 10.7493 2 2 1
5.50583 10.7493 10.7493 2 2 1
5.50581 10.7494 10.7494 2 2 1
5.5058 10.7494 10.7494 2 2 1
5.50579 10.7494 10.7494 2 2 1
5.50578 10.7494 10.7494 2 2 1
5.50576 10.7495 10.7495 2 2 1
5.50575 10.7495 10.7495 2 2 1
5.50574 10.7495 10.7495 2 2 1
5.50573 10.7495 10.7495 2 2 1
5.50572 10.7496 10.7496 2 2 1
5.5057 10.7496 10.7496 2 2 1
5.50569 10.7496 10.7496 2 2 1
5.50568 10.7496 10.7496 2 2 1
5.50567 10.7497 10.7497 2 2 1
5.50566 10.7497 10.7497 2 2 1
5.50564 10.7497 10.7497 2 2 1
5.50563 10.7497 10.7497 2 2 1
5.50562 10.7498 10.7498 2 2 1
5.50561 10.7498 10.7498 2 2 1
5.5056 10.7498 10.7498 2 2 1
5.50559 10.7498 10.7498 2 2 1
5.50558 10.7499 10.7499 2 2 1
5.50556 10.7499 10.7499 2 2 1
5.50555 10.7499 10.7499 2 2 1
5.50554 10.7499 10.7499 2 2 1
5.50553 10.75 10.75 2 2 1
5.50552 10.75 10.75 2 2 1
5.50551 10.75 10.75 2 2 1
5.5055 10.75 10.75 2 2 1
5.50549 10.7501 10.7501 2 2 1
5.50547 10.7501 10.7501 2 2 1
5.50546 10.7501 10.7501 2 2 1
5.50545 10.7501 10.7501 2 2 1
5.50544 10.7502 10.7502 2 2 1
5.50543 10.7502 10.7502 2 2 1
5.50542 10.7502 10.7502 2 2 1
5.50541 10.7502 10.7502 2 2 1
5.5054 10.7502 10.7502 2 2 1
5.50539 10.7503 10.7503 2 2 1
5.50538 10.7503 10.7503 2 2 1
5.50537 10.7503 10.7503 2 2 1
5.50536 10.7503 10.7503 2 2 1
5.50535 10.7504 10.7504 2 2 1
5.50534 10.7504 10.7504 2 2 1
5.50533 10.7504 10.7504 2 2 1
5.50531 10.7504 10.7504 2 2 1
5.5053 10.7504 10.7504 2 2 1
5.50529 10.7505 10.7505 2 2 1
5.50528 10.7505 10.7505 2 2 1
5.50527 10.7505 10.7505 2 2 1
5.50526 10.7505 10.7505 2 2 1
5.50525 10.7505 10.7505 2 2 1
5.50524 10.7506 10.7506 2 2 1
5.50523 10.7506 10.7506 2 2 1
5.50522 10.7506 10.7506 2 2 1
5.50521 10.7506 10.7506 2 2 1
5.5052 10.7506 10.7506 2 2 1
5.50519 10.7507 10.7507 2 2 1
5.50518 10.7507 10.7507 2 2 1
5.50517 10.7507 10.7507 2 2 1
5.50516 10.7507 10.7507 2 2 1
5.50515 10.7507 10.7507 2 2 1
5.50514 10.7508 10.7508 2 2 1
5.50514 10.7508 10.7508 2 2 1
5.50513 10.7508 10.7508 2 2 1
5.50512 10.7508 10.7508 2 2 1
5.50511 10.7508 10.7508 2 2 1
5.5051 10.7509 10.7509 2 2 1
5.50509 10.7509 10.7509 2 2 1
5.50508 10.7509 10.7509 2 2 1
5.50507 10.7509 10.7509 2 2 1
5.50506 10.7509 10.7509 2 2 1
5.50505 10.7509 10.7509 2 2 1
5.50504 10.751 10.751 2 2 1
5.50503 10.751 10.751 2 2 1
5.50502 10.751 10.751 2 2 1
5.50501 10.751 10.751 2 2 1
5.505 10.751 10.751 2 2 1
5.505 10.751 10.751 2 2 1
5.50499 10.7511 10.7511 2 2 1
5.50498 10.7511 10.7511 2 2 1
5.50497 10.7511 10.7511 2 2 1
5.50496 10.7511 10.7511 2 2 1
5.50495 10.7511 10.7511 2 2 1
5.50494 10.7512 10.7512 2 2 1
5.50493 10.7512 10.7512 2 2 1
5.50492 10.7512 10.7512 2 2 1
5.50492 10.7512 10.7512 2 2 1
5.50491 10.7512 10.7512 2 2 1
5.5049 10.7512 10.7512 2 2 1
5.50489 10.7512 10.7512 2 2 1
5.50488 10.7513 10.7513 2 2 1
5.50487 10.7513 10.7513 2 2 1
5.50486 10.7513 10.7513 2 2 1
5.50486 10.7513 10.7513 2 2 1
5.50485 10.7513 10.7513 2 2 1
5.50484 10.7513 10.7513 2 2 1
5.50483 10.7514 10.7514 2 2 1
5.50482 10.7514 10.7514 2 2 1
5.50481 10.7514 10.7514 2 2 1
5.5048 10.7514 10.7514 2 2 1
5.5048 10.7514 10.7514 2 2 1
5.50479 10.7514 10.7514 2 2 1
5.50478 10.7515 10.7515 2 2 1
5.50477 10.7515 10.7515 2 2 1
5.50476 10.7515 10.7515 2 2 1
5.50476 10.7515 10.7515 2 2 1
5.50475 10.7515 10.7515 2 2 1
5.50474 10.7515 10.7515 2 2 1
5.50473 10.7515 10.7515 2 2 1
5.50472 10.7516 10.7516 2 2 1
5.50472 10.7516 10.7516 2 2 1
5.50471 10.7516 10.7516 2 2 1
5.5047 10.7516 10.7516 2 2 1
5.50469 10.7516 10.7516 2 2 1
5.50468 10.7516 10.7516 2 2 1
5.50468 10.7516 10.7516 2 2 1
5.50467 10.7517 10.7517 2 2 1
5.50466 10.7517 10.7517 2 2 1
5.50465 10.7517 10.7517 2 2 1
5.50465 10.7517 10.7517 2 2 1
5.50464 10.7517 10.7517 2 2 1
5.50463 10.7517 10.7517 2 2 1
5.50462 10.7517 10.7517 2 2 1
5.50462 10.7517 10.7517 2 2 1
5.50461 10.7518 10.7518 2 2 1
5.5046 10.7518 10.7518 2 2 1
5.50459 10.7518 10.7518 2 2 1
5.50459 10.7518 10.7518 2 2 1
5.50458 10.7518 10.7518 2 2 1
5.50457 10.7518 10.7518 2 2 1
5.50456 10.7518 10.7518 2 2 1
5.50456 10.7519 10.7519 2 2 1
5.50455 10.7519 10.7519 2 2 1
5.50454 10.7519 10.7519 2 2 1
5.50454 10.7519 10.7519 2 2 1
5.50453 10.7519 10.7519 2 2 1
5.50452 10.7519 10.7519 2 2 1
5.50451 10.7519 10.7519 2 2 1
5.50451 10.7519 10.7519 2 2 1
5.5045 10.7519 10.7519 2 2 1
5.50449 10.752 10.752 2 2 1
5.50449 10.752 10.752 2 2 1
5.50448 10.752 10.752 2 2 1
5.50447 10.752 10.752 2 2 1
5.50447 10.752 10.752 2 2 1
5.50446 10.752 10.752 2 2 1
5.50445 10.752 10.752 2 2 1
5.50444 10.752 10.752 2 2 1
5.50444 10.7521 10.7521 2 2 1
5.50443 10.7521 10.7521 2 2 1
5.50442 10.7521 10.7521 2 2 1
5.50442 10.7521 10.7521 2 2 1
5.50441 10.7521 10.7521 2 2 1
5.5044 10.7521 10.7521 2 2 1
5.5044 10.7521 10.7521 2 2 1
5.50439 10.7521 10.7521 2 2 1
5.50438 10.7521 10.7521 2 2 1
5.50438 10.7522 10.7522 2 2 1
5.50437 10.7522 10.7522 2 2 1
5.50436 10.7522 10.7522 2 2 1
5.50436 10.7522 10.7522 2 2 1
5.50435 10.7522 10.7522 2 2 1
5.50435 10.7522 10.7522 2 2 1
5.50434 10.7522 10.7522 2 2 1
5.50433 10.7522 10.7522 2 2 1
5.50433 10.7522 10.7522 2 2 1
5.50432 10.7522 10.7522 2 2 1
5.50431 10.7523 10.7523 2 2 1
5.50431 10.7523 10.7523 2 2 1
5.5043 10.7523 10.7523 2 2 1
5.5043 10.7523 10.7523 2 2 1
5.50429 10.7523 10.7523 2 2 1
5.50428 10.7523 10.7523 2 2 1
5.50428 10.7523 10.7523 2 2 1
5.50427 10.7523 10.7523 2 2 1
5.50426 10.7523 10.7523 2 2 1
5.50426 10.7523 10.7523 2 2 1
5.50425 10.7524 10.7524 2 2 1
5.50425 10.7524 10.7524 2 2 1
5.50424 10.7524 10.7524 2 2 1
5.50423 10.7524 10.7524 2 2 1
5.50423 10.7524 10.7524 2 2 1
5.50422 10.7524 10.7524 2 2 1
5.50422 10.7524 10.7524 2 2 1
5.50421 10.7524 10.7524 2 2 1
5.50421 10.7524 10.7524 2 2 1
5.5042 10.7524 10.7524 2 2 1
5.50419 10.7525 10.7525 2 2 1
5.50419 10.7525 10.7525 2 2 1
5.50418 10.7525 10.7525 2 2 1
5.50418 10.7525 10.7525 2 2 1
5.50417 10.7525 10.7525 2 2 1
5.50417 10.7525 10.7525 2 2 1
5.50416 10.7525 10.7525 2 2 1
5.50415 10.7525 10.7525 2 2 1
5.50415 10.7525 10.7525 2 2 1
5.50414 10.7525 10.7525 2 2 1
5.50414 10.7525 10.7525 2 2 1
5.50413 10.7525 10.7525 2 2 1
5.50413 10.7526 10.7526 2 2 1
5.50412 10.7526 10.7526 2 2 1
5.50412 10.7526 10.7526 2 2 1
5.50411 10.7526 10.7526 2 2 1
5.5041 10.7526 10.7526 2 2 1
5.5041 10.7526 10.7526 2 2 1
5.50409 10.7526 10.7526 2 2 1
5.50409 10.7526 10.7526 2 2 1
5.50408 10.7526 10.7526 2 2 1
5.50408 10.7526 10.7526 2 2 1
5.50407 10.7526 10.7526 2 2 1
5.50407 10.7526 10.7526 2 2 1
5.50406 10.7527 10.7527 2 2 1
5.50406 10.7527 10.7527 2 2 1
5.50405 10.7527 10.7527 2 2 1
5.50405 10.7527 10.7527 2 2 1
5.50404 10.7527 10.7527 2 2 1
5.50404 10.7527 10.7527 2 2 1
5.50403 10.7527 10.7527 2 2 1
5.50403 10.7527 10.7527 2 2 1
5.50402 10.7527 10.7527 2 2 1
5.50402 10.7527 10.7527 2 2 1
5.50401 10.7527 10.7527 2 2 1
5.50401 10.7527 10.7527 2 2 1
5.504 10.7527 10.7527 2 2 1
5.504 10.7528 10.7528 2 2 1
5.50399 10.7528 10.7528 2 2 1
5.50399 10.7528 10.7528 2 2 1
5.50398 10.7528 10.7528 2 2 1
5.50398 10.7528 10.7528 2 2 1
5.50397 10.7528 10.7528 2 2 1
5.50397 10.7528 10.7528 2 2 1
5.50396 10.7528 10.7528 2 2 1
5.50396 10.7528 10.7528 2 2 1
5.50395 10.7528 10.7528 2 2 1
5.50395 10.7528 10.7528 2 2 1
5.50394 10.7528 10.7528 2 2 1
5.50394 10.7528 10.7528 2 2 1
5.50393 10.7528 10.7528 2 2 1
5.50393 10.7528 10.7528 2 2 1
5.50392 10.7529 10.7529 2 2 1
5.50392 10.7529 10.7529 2 2 1
5.50392 10.7529 10.7529 2 2 1
5.50391 10.7529 10.7529 2 2 1
5.50391 10.7529 10.7529 2 2 1
5.5039 10.7529 10.7529 2 2 1
5.5039 10.7529 10.7529 2 2 1
5.50389 10.7529 10.7529 2 2 1
5.50389 10.7529 10.7529 2 2 1
5.50388 10.7529 10.7529 2 2 1
5.50388 10.7529 10.7529 2 2 1
5.50387 10.7529 10.7529 2 2 1
5.50387 10.7529 10.7529 2 2 1
5.50387 10.7529 10.7529 2 2 1
5.50386 10.7529 10.7529 2 2 1
5.50386 10.7529 10.7529 2 2 1
5.50385 10.753 10.753 2 2 1
5.50385 10.753 10.753 2 2 1
5.50384 10.753 10.753 2 2 1
5.50384 10.753 10.753 2 2 1
5.50384 10.753 10.753 2 2 1
5.50383 10.753 10.753 2 2 1
5.50383 10.753 10.753 2 2 1
5.50382 10.753 10.753 2 2 1
5.50382 10.753 10.753 2 2 1
5.50381 10.753 10.753 2 2 1
5.50381 10.753 10.753 2 2 1
5.50381 10.753 10.753 2 2 1
5.5038 10.753 10.753 2 2 1
5.5038 10.753 10.753 2 2 1
5.50379 10.753 10.753 2 2 1
5.50379 10.753 10.753 2 2 1
5.50379 10.753 10.753 2 2 1
5.50378 10.7531 10.7531 2 2 1
5.50378 10.7531 10.7531 2 2 1
5.50377 10.7531 10.7531 2 2 1
5.50377 10.7531 10.7531 2 2 1
5.50377 10.7531 10.7531 2 2 1
5.50376 10.7531 10.7531 2 2 1
5.50376 10.7531 10.7531 2 2 1
5.50375 10.7531 10.7531 2 2 1
5.50375 10.7531 10.7531 2 2 1
5.50375 10.7531 10.7531 2 2 1
5.50374 10.7531 10.7531 2 2 1
5.50374 10.7531 10.7531 2 2 1
5.50373 10.7531 10.7531 2 2 1
5.50373 10.7531 10.7531 2 2 1
5.50373 10.7531 10.7531 2 2 1
5.50372 10.7531 10.7531 2 2 1
5.50372 10.7531 10.7531 2 2 1
5.50371 10.7531 10.7531 2 2 1
5.50371 10.7531 10.7531 2 2 1
5.50371 10.7531 10.7531 2 2 1
5.5037 10.7532 10.7532 2 2 1
5.5037 10.7532 10.7532 2 2 1
5.5037 10.7532 10.7532 2 2 1
5.50369 10.7532 10.7532 2 2 1
5.50369 10.7532 10.7532 2 2 1
5.50368 10.7532 10.7532 2 2 1
5.50368 10.7532 10.7532 2 2 1
5.50368 10.7532 10.7532 2 2 1
5.50367 10.7532 10.7532 2 2 1
5.50367 10.7532 10.7532 2 2 1
5.50367 10.7532 10.7532 2 2 1
5.50366 10.7532 10.7532 2 2 1
5.50366 10.7532 10.7532 2 2 1
5.50366 10.7532 10.7532 2 2 1
5.50365 10.7532 10.7532 2 2 1
5.50365 10.7532 10.7532 2 2 1
5.50365 10.7532 10.7532 2 2 1
5.50364 10.7532 10.7532 2 2 1
5.50364 10.7532 10.7532 2 2 1
5.50364 10.7532 10.7532 2 2 1
5.50363 10.7532 10.7532 2 2 1
5.50363 10.7532 10.7532 2 2 1
5.50363 10.7532 10.7532 2 2 1
5.50362 10.7533 10.7533 2 2 1
5.50362 10.7533 10.7533 2 2 1
5.50362 10.7533 10.7533 2 2 1
5.50361 10.7533 10.7533 2 2 1
5.50361 10.7533 10.7533 2 2 1
5.5036 10.7533 10.7533 2 2 1
5.5036 10.7533 10.7533 2 2 1
5.5036 10.7533 10.7533 2 2 1
5.5036 10.7533 10.7533 2 2 1
5.50359 10.7533 10.7533 2 2 1
5.50359 10.7533 10.7533 2 2 1
5.50359 10.7533 10.7533 2 2 1
5.50358 10.7533 10.7533 2 2 1
5.50358 10.7533 10.7533 2 2 1
5.50358 10.7533 10.7533 2 2 1
5.50357 10.7533 10.7533 2 2 1
5.50357 10.7533 10.7533 2 2 1
5.50357 10.7533 10.7533 2 2 1
5.50356 10.7533 10.7533 2 2 1
5.50356 10.7533 10.7533 2 2 1
5.50356 10.7533 10.7533 2 2 1
5.50355 10.7533 10.7533 2 2 1
5.50355 10.7533 10.7533 2 2 1
5.50355 10.7533 10.7533 2 2 1
5.50354 10.7533 10.7533 2 2 1
5.50354 10.7533 10.7533 2 2 1
5.50354 10.7534 10.7534 2 2 1
5.50354 10.7534 10.7534 2 2 1
5.50353 10.7534 10.7534 2 2 1
5.50353 10.7534 10.7534 2 2 1
5.50353 10.7534 10.7534 2 2 1
5.50352 10.7534 10.7534 2 2 1
5.50352 10.7534 10.7534 2 2 1
5.50352 10.7534 10.7534 2 2 1
5.50351 10.7534 10.7534 2 2 1
5.50351 10.7534 10.7534 2 2 1
5.50351 10.7534 10.7534 2 2 1
5.50351 10.7534 10.7534 2 2 1
5.5035 10.7534 10.7534 2 2 1
5.5035 10.7534 10.7534 2 2 1
5.5035 10.7534 10.7534 2 2 1
5.50349 10.7534 10.7534 2 2 1
5.50349 10.7534 10.7534 2 2 1
5.50349 10.7534 10.7534 2 2 1
5.50349 10.7534 10.7534 2 2 1
5.50348 10.7534 10.7534 2 2 1
5.50348 10.7534 10.7534 2 2 1
5.50348 10.7534 10.7534 2 2 1
5.50347 10.7534 10.7534 2 2 1
5.50347 10.7534 10.7534 2 2 1
5.50347 10.7534 10.7534 2 2 1
5.50347 10.7534 10.7534 2 2 1
5.50346 10.7534 10.7534 2 2 1
5.50346 10.7534 10.7534 2 2 1
5.50346 10.7534 10.7534 2 2 1
5.50346 10.7534 10.7534 2 2 1
5.50345 10.7534 10.7534 2 2 1
5.50345 10.7535 10.7535 2 2 1
5.50345 10.7535 10.7535 2 2 1
5.50344 10.7535 10.7535 2 2 1
5.50344 10.7535 10.7535 2 2 1
5.50344 10.7535 10.7535 2 2 1
5.50344 10.7535 10.7535 2 2 1
5.50343 10.7535 10.7535 2 2 1
5.50343 10.7535 10.7535 2 2 1
5.50343 10.7535 10.7535 2 2 1
5.50343 10.7535 10.7535 2 2 1
5.50342 10.7535 10.7535 2 2 1
5.50342 10.7535 10.7535 2 2 1
5.50342 10.7535 10.7535 2 2 1
5.50342 10.7535 10.7535 2 2 1
5.50341 10.7535 10.7535 2 2 1
5.50341 10.7535 10.7535 2 2 1
5.50341 10.7535 10.7535 2 2 1
5.50341 10.7535 10.7535 2 2 1
5.5034 10.7535 10.7535 2 2 1
5.5034 10.7535 10.7535 2 2 1
5.5034 10.7535 10.7535 2 2 1
5.5034 10.7535 10.7535 2 2 1
5.50339 10.7535 10.7535 2 2 1
5.50339 10.7535 10.7535 2 2 1
5.50339 10.7535 10.7535 2 2 1
5.50339 10.7535 10.7535 2 2 1
5.50338 10.7535 10.7535 2 2 1
5.50338 10.7535 10.7535 2 2 1
5.50338 10.7535 10.7535 2 2 1
5.50338 10.7535 10.7535 2 2 1
5.50338 10.7535 10.7535 2 2 1
5.50337 10.7535 10.7535 2 2 1
5.50337 10.7535 10.7535 2 2 1
5.50337 10.7535 10.7535 2 2 1
5.50337 10.7535 10.7535 2 2 1
5.50336 10.7535 10.7535 2 2 1
5.50336 10.7535 10.7535 2 2 1
5.50336 10.7535 10.7535 2 2 1
5.50336 10.7536 10.7536 2 2 1
5.50335 10.7536 10.7536 2 2 1
5.50335 10.7536 10.7536 2 2 1
5.50335 10.7536 10.7536 2 2 1
5.50335 10.7536 10.7536 2 2 1
5.50335 10.7536 10.7536 2 2 1
5.50334 10.7536 10.7536 2 2 1
5.50334 10.7536 10.7536 2 2 1
5.50334 10.7536 10.7536 2 2 1
5.50334 10.7536 10.7536 2 2 1
5.50333 10.7536 10.7536 2 2 1
5.50333 10.7536 10.7536 2 2 1
5.50333 10.7536 10.7536 2 2 1
5.50333 10.7536 10.7536 2 2 1
5.50333 10.7536 10.7536 2 2 1
5.50332 10.7536 10.7536 2 2 1
5.50332 10.7536 10.7536 2 2 1
5.50332 10.7536 10.7536 2 2 1
5.50332 10.7536 10.7536 2 2 1
5.50332 10.7536 10.7536 2 2 1
5.50331 10.7536 10.7536 2 2 1
5.50331 10.7536 10.7536 2 2 1
5.50331 10.7536 10.7536 2 2 1
5.50331 10.7536 10.7536 2 2 1
5.50331 10.7536 10.7536 2 2 1
5.5033 10.7536 10.7536 2 2 1
5.5033 10.7536 10.7536 2 2 1
5.5033 10.7536 10.7536 2 2 1
5.5033 10.7536 10.7536 2 2 1
5.50329 10.7536 10.7536 2 2 1
5.50329 10.7536 10.7536 2 2 1
5.50329 10.7536 10.7536 2 2 1
5.50329 10.7536 10.7536 2 2 1
5.50329 10.7536 10.7536 2 2 1
5.50329 10.7536 10.7536 2 2 1
5.50328 10.7536 10.7536 2 2 1
5.50328 10.7536 10.7536 2 2 1
5.50328 10.7536 10.7536 2 2 1
5.50328 10.7536 10.7536 2 2 1
5.50328 10.7536 10.7536 2 2 1
5.50327 10.7536 10.7536 2 2 1
5.50327 10.7536 10.7536 2 2 1
5.50327 10.7536 10.7536 2 2 1
5.50327 10.7536 10.7536 2 2 1
5.50327 10.7536 10.7536 2 2 1
5.50326 10.7536 10.7536 2 2 1
5.50326 10.7536 10.7536 2 2 1
5.50326 10.7536 10.7536 2 2 1
5.50326 10.7536 10.7536 2 2 1
5.50326 10.7536 10.7536 2 2 1
5.50325 10.7536 10.7536 2 2 1
5.50325 10.7536 10.7536 2 2 1
5.50325 10.7537 10.7537 2 2 1
5.50325 10.7537 10.7537 2 2 1
5.50325 10.7537 10.7537 2 2 1
5.50325 10.7537 10.7537 2 2 1
5.50324 10.7537 10.7537 2 2 1
5.50324 10.7537 10.7537 2 2 1
5.50324 10.7537 10.7537 2 2 1
5.50324 10.7537 10.7537 2 2 1
5.50324 10.7537 10.7537 2 2 1
5.50324 10.7537 10.7537 2 2 1
5.50323 10.7537 10.7537 2 2 1
5.50323 10.7537 10.7537 2 2 1
5.50323 10.7537 10.7537 2 2 1
5.50323 10.7537 10.7537 2 2 1
5.50323 10.7537 10.7537 2 2 1
5.50322 10.7537 10.7537 2 2 1
5.50322 10.7537 10.7537 2 2 1
5.50322 10.7537 10.7537 2 2 1
5.50322 10.7537 10.7537 2 2 1
5.50322 10.7537 10.7537 2 2 1
5.50322 10.7537 10.7537 2 2 1
5.50321 10.7537 10.7537 2 2 1
5.50321 10.7537 10.7537 2 2 1
5.50321 10.7537 10.7537 2 2 1
5.50321 10.7537 10.7537 2 2 1
5.50321 10.7537 10.7537 2 2 1
5.50321 10.7537 10.7537 2 2 1
5.5032 10.7537 10.7537 2 2 1
5.5032 10.7537 10.7537 2 2 1
5.5032 10.7537 10.7537 2 2 1
5.5032 10.7537 10.7537 2 2 1
5.5032 10.7537 10.7537 2 2 1
5.5032 10.7537 10.7537 2 2 1
5.5032 10.7537 10.7537 2 2 1
5.50319 10.7537 10.7537 2 2 1
5.50319 10.7537 10.7537 2 2 1
5.50319 10.7537 10.7537 2 2 1
5.50319 10.7537 10.7537 2 2 1
5.50319 10.7537 10.7537 2 2 1
5.50319 10.7537 10.7537 2 2 1
5.50318 10.7537 10.7537 2 2 1
5.50318 10.7537 10.7537 2 2 1
5.50318 10.7537 10.7537 2 2 1
5.50318 10.7537 10.7537 2 2 1
5.50318 10.7537 10.7537 2 2 1
5.50318 10.7537 10.7537 2 2 1
5.50318 10.7537 10.7537 2 2 1
5.50317 10.7537 10.7537 2 2 1
5.50317 10.7537 10.7537 2 2 1
5.50317 10.7537 10.7537 2 2 1
5.50317 10.7537 10.7537 2 2 1
5.50317 10.7537 10.7537 2 2 1
5.50317 10.7537 10.7537 2 2 1
5.50316 10.7537 10.7537 2 2 1
5.50316 10.7537 10.7537 2 2 1
5.50316 10.7537 10.7537 2 2 1
5.50316 10.7537 10.7537 2 2 1
5.50316 10.7537 10.7537 2 2 1
5.50316 10.7537 10.7537 2 2 1
5.50316 10.7537 10.7537 2 2 1
5.50315 10.7537 10.7537 2 2 1
5.50315 10.7537 10.7537 2 2 1
5.50315 10.7537 10.7537 2 2 1
5.50315 10.7537 10.7537 2 2 1
5.50315 10.7537 10.7537 2 2 1
5.50315 10.7537 10.7537 2 2 1
5.50315 10.7537 10.7537 2 2 1
5.50315 10.7537 10.7537 2 2 1
5.50314 10.7537 10.7537 2 2 1
5.50314 10.7537 10.7537 2 2 1
5.50314 10.7537 10.7537 2 2 1
5.50314 10.7537 10.7537 2 2 1
5.50314 10.7537 10.7537 2 2 1
5.50314 10.7537 10.7537 2 2 1
5.50314 10.7537 10.7537 2 2 1
5.50313 10.7537 10.7537 2 2 1
5.50313 10.7537 10.7537 2 2 1
5.50313 10.7537 10.7537 2 2 1
5.50313 10.7538 10.7538 2 2 1
5.50313 10.7538 10.7538 2 2 1
5.50313 10.7538 10.7538 2 2 1
5.50313 10.7538 10.7538 2 2 1
5.50313 10.7538 10.7538 2 2 1
5.50312 10.7538 10.7538 2 2 1
5.50312 10.7538 10.7538 2 2 1
5.50312 10.7538 10.7538 2 2 1
5.50312 10.7538 10.7538 2 2 1
5.50312 10.7538 10.7538 2 2 1
5.50312 10.7538 10.7538 2 2 1
5.50312 10.7538 10.7538 2 2 1
5.50312 10.7538 10.7538 2 2 1
5.50311 10.7538 10.7538 2 2 1
5.50311 10.7538 10.7538 2 2 1
5.50311 10.7538 10.7538 2 2 1
5.50311 10.7538 10.7538 2 2 1
5.50311 10.7538 10.7538 2 2 1
5.50311 10.7538 10.7538 2 2 1
5.50311 10.7538 10.7538 2 2 1
5.50311 10.7538 10.7538 2 2 1
5.5031 10.7538 10.7538 2 2 1
5.5031 10.7538 10.7538 2 2 1
5.5031 10.7538 10.7538 2 2 1
5.5031 10.7538 10.7538 2 2 1
5.5031 10.7538 10.7538 2 2 1
5.5031 10.7538 10.7538 2 2 1
5.5031 10.7538 10.7538 2 2 1
5.5031 10.7538 10.7538 2 2 1
5.5031 10.7538 10.7538 2 2 1
5.50309 10.7538 10.7538 2 2 1
5.50309 10.7538 10.7538 2 2 1
5.50309 10.7538 10.7538 2 2 1
5.50309 10.7538 10.7538 2 2 1
5.50309 10.7538 10.7538 2 2 1
5.50309 10.7538 10.7538 2 2 1
5.50309 10.7538 10.7538 2 2 1
5.50309 10.7538 10.7538 2 2 1
5.50309 10.7538 10.7538 2 2 1
5.50308 10.7538 10.7538 2 2 1
5.50308 10.7538 10.7538 2 2 1
5.50308 10.7538 10.7538 2 2 1
5.50308 10.7538 10.7538 2 2 1
5.50308 10.7538 10.7538 2 2 1
5.50308 10.7538 10.7538 2 2 1
5.50308 10.7538 10.7538 2 2 1
5.50308 10.7538 10.7538 2 2 1
5.50308 10.7538 10.7538 2 2 1
5.50307 10.7538 10.7538 2 2 1
5.50307 10.7538 10.7538 2 2 1
5.50307 10.7538 10.7538 2 2 1
5.50307 10.7538 10.7538 2 2 1
5.50307 10.7538 10.7538 2 2 1
5.50307 10.7538 10.7538 2 2 1
5.50307 10.7538 10.7538 2 2 1
5.50307 10.7538 10.7538 2 2 1
5.50307 10.7538 10.7538 2 2 1
5.50307 10.7538 10.7538 2 2 1
5.50306 10.7538 10.7538 2 2 1
5.50306 10.7538 10.7538 2 2 1
5.50306 10.7538 10.7538 2 2 1
5.50306 10.7538 10.7538 2 2 1
5.50306 10.7538 10.7538 2 2 1
5.50306 10.7538 10.7538 2 2 1
5.50306 10.7538 10.7538 2 2 1
5.50306 10.7538 10.7538 2 2 1
5.50306 10.7538 10.7538 2 2 1
5.50306 10.7538 10.7538 2 2 1
5.50306 10.7538 10.7538 2 2 1
5.50305 10.7538 10.7538 2 2 1
5.50305 10.7538 10.7538 2 2 1
5.50305 10.7538 10.7538 2 2 1
5.50305 10.7538 10.7538 2 2 1
5.50305 10.7538 10.7538 2 2 1
5.50305 10.7538 10.7538 2 2 1
5.50305 10.7538 10.7538 2 2 1
5.50305 10.7538 10.7538 2 2 1
5.50305 10.7538 10.7538 2 2 1
5.50305 10.7538 10.7538 2 2 1
5.50305 10.7538 10.7538 2 2 1
5.50304 10.7538 10.7538 2 2 1
5.50304 10.7538 10.7538 2 2 1
5.50304 10.7538 10.7538 2 2 1
5.50304 10.7538 10.7538 2 2 1
5.50304 10.7538 10.7538 2 2 1
5.50304 10.7538 10.7538 2 2 1
5.50304 10.7538 10.7538 2 2 1
5.50304 10.7538 10.7538 2 2 1
5.50304 10.7538 10.7538 2 2 1
5.50304 10.7538 10.7538 2 2 1
5.50304 10.7538 10.7538 2 2 1
5.50304 10.7538 10.7538 2 2 1
5.50303 10.7538 10.7538 2 2 1
5.50303 10.7538 10.7538 2 2 1
5.50303 10.7538 10.7538 2 2 1
5.50303 10.7538 10.7538 2 2 1
5.50303 10.7538 10.7538 2 2 1
5.50303 10.7538 10.7538 2 2 1
5.50303 10.7538 10.7538 2 2 1
5.50303 10.7538 10.7538 2 2 1
5.50303 10.7538 10.7538 2 2 1
5.50303 10.7538 10.7538 2 2 1
5.50303 10.7538 10.7538 2 2 1
5.50303 10.7538 10.7538 2 2 1
5.50303 10.7538 10.7538 2 2 1
5.50303 10.7538 10.7538 2 2 1
5.50302 10.7538 10.7538 2 2 1
5.50302 10.7538 10.7538 2 2 1
5.50302 10.7538 10.7538 2 2 1
5.50302 10.7538 10.7538 2 2 1
5.50302 10.7538 10.7538 2 2 1
5.50302 10.7538 10.7538 2 2 1
5.50302 10.7538 10.7538 2 2 1
5.50302 10.7538 10.7538 2 2 1
5.50302 10.7538 10.7538 2 2 1
5.50302 10.7538 10.7538 2 2 1
5.50302 10.7538 10.7538 2 2 1
5.50302 10.7538 10.7538 2 2 1
5.50302 10.7538 10.7538 2 2 1
5.50302 10.7538 10.7538 2 2 1
5.50302 10.7538 10.7538 2 2 1
5.50302 10.7538 10.7538 2 2 1
5.50301 10.7538 10.7538 2 2 1
5.50301 10.7538 10.7538 2 2 1
5.50301 10.7538 10.7538 2 2 1
5.50301 10.7538 10.7538 2 2 1
5.50301 10.7538 10.7538 2 2 1
5.50301 10.7538 10.7538 2 2 1
5.50301 10.7538 10.7538 2 2 1
5.50301 10.7538 10.7538 2 2 1
5.50301 10.7538 10.7538 2 2 1
5.50301 10.7538 10.7538 2 2 1
5.50301 10.7538 10.7538 2 2 1
5.50301 10.7538 10.7538 2 2 1
5.50301 10.7538 10.7538 2 2 1
5.50301 10.7538 10.7538 2 2 1
5.50301 10.7538 10.7538 2 2 1
5.50301 10.7538 10.7538 2 2 1
5.50301 10.7538 10.7538 2 2 1
5.50301 10.7538 10.7538 2 2 1
5.50301 10.7538 10.7538 2 2 1
5.50301 10.7538 10.7538 2 2 1
5.50301 10.7538 10.7538 2 2 1
5.50301 10.7538 10.7538 2 2 1
5.50301 10.7538 10.7538 2 2 1
5.50301 10.7538 10.7538 2 2 1
5.50301 10.7538 10.7538 2 2 1
5.50301 10.7538 10.7538 2 2 1
5.50301 10.7538 10.7538 2 2 1
5.50301 10.7538 10.7538 2 2 1
5.50301 10.7538 10.7538 2 2 1
5.50301 10.7538 10.7538 2 2 1
5.50301 10.7538 10.7538 2 2 1
5.50301 10.7538 10.7538 2 2 1
5.503 10.7538 10.7538 2 2 1
5.503 10.7538 10.7538 2 2 1
5.50301 10.7538 10.7538 2 2 1
5.50301 10.7538 10.7538 2 2 1
5.50301 10.7538 10.7538 2 2 1
5.50301 10.7538 10.7538 2 2 1
5.50301 10.7538 10.7538 2 2 1
5.50301 10.7538 10.7538 2 2 1
5.50301 10.7538 10.7538 2 2 1
5.50301 10.7538 10.7538 2 2 1
5.50301 10.7538 10.7538 2 2 1
5.50301 10.7538 10.7538 2 2 1
5.50301 10.7538 10.7538 2 2 1
5.50301 10.7538 10.7538 2 2 1
5.50301 10.7538 10.7538 2 2 1
5.50301 10.7538 10.7538 2 2 1
5.50301 10.7538 10.7538 2 2 1
5.50301 10.7538 10.7538 2 2 1
5.50301 10.7538 10.7538 2 2 1
5.50301 10.7538 10.7538 2 2 1
5.50301 10.7538 10.7538 2 2 1
5.50301 10.7538 10.7538 2 2 1
5.50301 10.7538 10.7538 2 2 1
5.50301 10.7538 10.7538 2 2 1
5.50301 10.7538 10.7538 2 2 1
5.50301 10.7538 10.7538 2 2 1
5.50301 10.7538 10.7538 2 2 1
5.50302 10.7538 10.7538 2 2 1
5.50302 10.7538 10.7538 2 2 1
5.50302 10.7538 10.7538 2 2 1
5.50302 10.7538 10.7538 2 2 1
5.50302 10.7538 10.7538 2 2 1
5.50302 10.7538 10.7538 2 2 1
5.50302 10.7538 10.7538 2 2 1
5.50302 10.7538 10.7538 2 2 1
5.50302 10.7538 10.7538 2 2 1
5.50303 10.7538 10.7538 2 2 1
5.50303 10.7538 10.7538 2 2 1
5.50303 10.7538 10.7538 2 2 1
5.50303 10.7538 10.7538 2 2 1
5.50303 10.7538 10.7538 2 2 1
5.50303 10.7538 10.7538 2 2 1
5.50304 10.7538 10.7538 2 2 1
5.50304 10.7538 10.7538 2 2 1
5.50304 10.7538 10.7538 2 2 1
5.50304 10.7538 10.7538 2 2 1
5.50304 10.7538 10.7538 2 2 1
5.50305 10.7538 10.7538 2 2 1
5.50305 10.7538 10.7538 2 2 1
5.50305 10.7538 10.7538 2 2 1
5.50305 10.7538 10.7538 2 2 1
5.50306 10.7538 10.7538 2 2 1
5.50306 10.7538 10.7538 2 2 1
5.50306 10.7538 10.7538 2 2 1
5.50307 10.7538 10.7538 2 2 1
5.50307 10.7538 10.7538 2 2 1
5.50307 10.7538 10.7538 2 2 1
5.50307 10.7538 10.7538 2 2 1
5.50308 10.7538 10.7538 2 2 1
5.50308 10.7538 10.7538 2 2 1
5.50309 10.7538 10.7538 2 2 1
5.50309 10.7538 10.7538 2 2 1
5.50309 10.7538 10.7538 2 2 1
5.5031 10.7538 10.7538 2 2 1
5.5031 10.7538 10.7538 2 2 1
5.50311 10.7538 10.7538 2 2 1
5.50311 10.7538 10.7538 2 2 1
5.50312 10.7538 10.7538 2 2 1
5.50312 10.7538 10.7538 2 2 1
5.50313 10.7538 10.7538 2 2 1
5.50313 10.7538 10.7538 2 2 1
5.50314 10.7538 10.7538 2 2 1
5.50314 10.7538 10.7538 2 2 1
5.50315 10.7538 10.7538 2 2 1
5.50316 10.7538 10.7538 2 2 1
5.50316 10.7538 10.7538 2 2 1
5.50317 10.7538 10.7538 2 2 1
5.50317 10.7538 10.7538 2 2 1
5.50318 10.7538 10.7538 2 2 1
5.50319 10.7538 10.7538 2 2 1
5.5032 10.7538 10.7538 2 2 1
5.5032 10.7538 10.7538 2 2 1
5.50321 10.7537 10.7537 2 2 1
5.50322 10.7537 10.7537 2 2 1
5.50323 10.7537 10.7537 2 2 1
5.50324 10.7537 10.7537 2 2 1
5.50325 10.7537 10.7537 2 2 1
5.50326 10.7537 10.7537 2 2 1
5.50327 10.7537 10.7537 2 2 1
5.50328 10.7537 10.7537 2 2 1
5.50329 10.7537 10.7537 2 2 1
5.5033 10.7537 10.7537 2 2 1
5.50331 10.7537 10.7537 2 2 1
5.50332 10.7537 10.7537 2 2 1
5.50334 10.7537 10.7537 2 2 1
5.50335 10.7537 10.7537 2 2 1
5.50336 10.7537 10.7537 2 2 1
5.50338 10.7537 10.7537 2 2 1
5.50339 10.7537 10.7537 2 2 1
5.5034 10.7537 10.7537 2 2 1
5.50342 10.7537 10.7537 2 2 1
5.50343 10.7537 10.7537 2 2 1
5.50345 10.7537 10.7537 2 2 1
5.50347 10.7537 10.7537 2 2 1
5.50348 10.7536 10.7536 2 2 1
5.5035 10.7536 10.7536 2 2 1
5.50352 10.7536 10.7536 2 2 1
5.50354 10.7536 10.7536 2 2 1
5.50356 10.7536 10.7536 2 2 1
5.50358 10.7536 10.7536 2 2 1
5.5036 10.7536 10.7536 2 2 1
5.50362 10.7536 10.7536 2 2 1
5.50364 10.7536 10.7536 2 2 1
5.50367 10.7536 10.7536 2 2 1
5.50369 10.7536 10.7536 2 2 1
5.50372 10.7536 10.7536 2 2 1
5.50374 10.7536 10.7536 2 2 1
5.50377 10.7536 10.7536 2 2 1
5.5038 10.7535 10.7535 2 2 1
5.50382 10.7535 10.7535 2 2 1
5.50385 10.7535 10.7535 2 2 1
5.50388 10.7535 10.7535 2 2 1
5.50391 10.7535 10.7535 2 2 1
5.50395 10.7535 10.7535 2 2 1
5.50398 10.7535 10.7535 2 2 1
5.50402 10.7535 10.7535 2 2 1
5.50405 10.7535 10.7535 2 2 1
5.50409 10.7534 10.7534 2 2 1
5.50413 10.7534 10.7534 2 2 1
5.50417 10.7534 10.7534 2 2 1
5.50421 10.7534 10.7534 2 2 1
5.50425 10.7534 10.7534 2 2 1
5.50429 10.7534 10.7534 2 2 1
5.50434 10.7534 10.7534 2 2 1
5.50439 10.7534 10.7534 2 2 1
5.50443 10.7533 10.7533 2 2 1
5.50448 10.7533 10.7533 2 2 1
5.50454 10.7533 10.7533 2 2 1
5.50459 10.7533 10.7533 2 2 1
5.50465 10.7533 10.7533 2 2 1
5.5047 10.7533 10.7533 2 2 1
5.50476 10.7532 10.7532 2 2 1
5.50482 10.7532 10.7532 2 2 1
5.50489 10.7532 10.7532 2 2 1
5.50495 10.7532 10.7532 2 2 1
5.50502 10.7532 10.7532 2 2 1
5.50509 10.7531 10.7531 2 2 1
5.50517 10.7531 10.7531 2 2 1
5.50524 10.7531 10.7531 2 2 1
5.50532 10.7531 10.7531 2 2 1
5.5054 10.7531 10.7531 2 2 1
5.50548 10.753 10.753 2 2 1
5.50557 10.753 10.753 2 2 1
5.50566 10.753 10.753 2 2 1
5.50575 10.753 10.753 2 2 1
5.50585 10.7529 10.7529 2 2 1
5.50595 10.7529 10.7529 2 2 1
5.50605 10.7529 10.7529 2 2 1
5.50615 10.7528 10.7528 2 2 1
5.50626 10.7528 10.7528 2 2 1
5.50638 10.7528 10.7528 2 2 1
5.50649 10.7527 10.7527 2 2 1
5.50662 10.7527 10.7527 2 2 1
5.50674 10.7527 10.7527 2 2 1
5.50687 10.7526 10.7526 2 2 1
5.50701 10.7526 10.7526 2 2 1
5.50714 10.7526 10.7526 2 2 1
5.50729 10.7525 10.7525 2 2 1
5.50744 10.7525 10.7525 2 2 1
5.50759 10.7525 10.7525 2 2 1
5.50775 10.7524 10.7524 2 2 1
5.50792 10.7524 10.7524 2 2 1
5.50809 10.7523 10.7523 2 2 1
5.50827 10.7523 10.7523 2 2 1
5.50845 10.7522 10.7522 2 2 1
5.50864 10.7522 10.7522 2 2 1
5.50884 10.7521 10.7521 2 2 1
5.50904 10.7521 10.7521 2 2 1
5.50925 10.752 10.752 2 2 1
5.50947 10.752 10.752 2 2 1
5.50969 10.7519 10.7519 2 2 1
5.50993 10.7519 10.7519 2 2 1
5.51017 10.7518 10.7518 2 2 1
5.51042 10.7517 10.7517 2 2 1
5.51068 10.7517 10.7517 2 2 1
5.51095 10.7516 10.7516 2 2 1
5.51123 10.7515 10.7515 2 2 1
5.51152 10.7515 10.7515 2 2 1
5.51181 10.7514 10.7514 2 2 1
5.51212 10.7513 10.7513 2 2 1
5.51244 10.7512 10.7512 2 2 1
5.51278 10.7512 10.7512 2 2 1
5.51312 10.7511 10.7511 2 2 1
5.51347 10.751 10.751 2 2 1
5.51384 10.7509 10.7509 2 2 1
5.51422 10.7508 10.7508 2 2 1
5.51462 10.7507 10.7507 2 2 1
5.51503 10.7506 10.7506 2 2 1
5.51545 10.7505 10.7505 2 2 1
5.51589 10.7504 10.7504 2 2 1
5.51635 10.7503 10.7503 2 2 1
5.51682 10.7502 10.7502 2 2 1
5.51731 10.7501 10.7501 2 2 1
5.51781 10.75 10.75 2 2 1
5.51834 10.7499 10.7499 2 2 1
5.51888 10.7498 10.7498 2 2 1
5.51945 10.7497 10.7497 2 2 1
5.52003 10.7495 10.7495 2 2 1
5.52063 10.7494 10.7494 2 2 1
5.52126 10.7493 10.7493 2 2 1
5.52191 10.7491 10.7491 2 2 1
5.52258 10.749 10.749 2 2 1
5.52328 10.7488 10.7488 2 2 1
5.524 10.7487 10.7487 2 2 1
5.52475 10.7485 10.7485 2 2 1
5.52553 10.7484 10.7484 2 2 1
5.52633 10.7482 10.7482 2 2 1
5.52717 10.748 10.748 2 2 1
5.52803 10.7479 10.7479 2 2 1
5.52893 10.7477 10.7477 2 2 1
5.52986 10.7475 10.7475 2 2 1
5.53082 10.7473 10.7473 2 2 1
5.53182 10.7471 10.7471 2 2 1
5.53286 10.7469 10.7469 2 2 1
5.53393 10.7467 10.7467 2 2 1
5.53504 10.7465 10.7465 2 2 1
5.5362 10.7462 10.7462 2 2 1
5.53739 10.746 10.746 2 2 1
5.53864 10.7458 10.7458 2 2 1
5.53992 10.7455 10.7455 2 2 1
5.54126 10.7453 10.7453 2 2 1
5.54264 10.745 10.745 2 2 1
5.54408 10.7447 10.7447 2 2 1
5.54557 10.7445 10.7445 2 2 1
5.54711 10.7442 10.7442 2 2 1
5.54872 10.7439 10.7439 2 2 1
5.55038 10.7436 10.7436 2 2 1
5.5521 10.7433 10.7433 2 2 1
5.55389 10.743 10.743 2 2 1
5.55575 10.7426 10.7426 2 2 1
5.55767 10.7423 10.7423 2 2 1
5.55967 10.7419 10.7419 2 2 1
5.56174 10.7416 10.7416 2 2 1
5.56389 10.7412 10.7412 2 2 1
5.56612 10.7408 10.7408 2 2 1
5.56844 10.7404 10.7404 2 2 1
5.57084 10.74 10.74 2 2 1
5.57334 10.7396 10.7396 2 2 1
5.57593 10.7392 10.7392 2 2 1
5.57861 10.7387 10.7387 2 2 1
5.5814 10.7382 10.7382 2 2 1
5.58429 10.7378 10.7378 2 2 1
5.5873 10.7373 10.7373 2 2 1
5.59042 10.7368 10.7368 2 2 1
5.59365 10.7363 10.7363 2 2 1
5.59701 10.7357 10.7357 2 2 1
5.6005 10.7352 10.7352 2 2 1
5.60412 10.7346 10.7346 2 2 1
5.60788 10.734 10.734 2 2 1
5.61179 10.7334 10.7334 2 2 1
5.61584 10.7328 10.7328 2 2 1
5.62005 10.7322 10.7322 2 2 1
5.62442 10.7315 10.7315 2 2 1
5.62896 10.7309 10.7309 2 2 1
5.63367 10.7302 10.7302 2 2 1
5.63856 10.7294 10.7294 2 2 1
5.64365 10.7287 10.7287 2 2 1
5.64893 10.728 10.728 2 2 1
5.65441 10.7272 10.7272 2 2 1
5.66011 10.7264 10.7264 2 2 1
5.66602 10.7255 10.7255 2 2 1
5.67217 10.7247 10.7247 2 2 1
5.67854 10.7238 10.7238 2 2 1
5.68518 10.7229 10.7229 2 2 1
5.69205 10.722 10.722 2 2 1
5.69921 10.721 10.721 2 2 1
5.70664 10.72 10.72 2 2 1
5.71435 10.719 10.719 2 2 1
5.72237 10.718 10.718 2 2 1
5.7307 10.7169 10.7169 2 2 1
5.73934 10.7158 10.7158 2 2 1
5.74832 10.7147 10.7147 2 2 1
5.75764 10.7135 10.7135 2 2 1
5.76734 10.7123 10.7123 2 2 1
5.77739 10.7111 10.7111 2 2 1
5.78784 10.7099 10.7099 2 2 1
5.79869 10.7086 10.7086 2 2 1
5.80995 10.7072 10.7072 2 2 1
5.82165 10.7059 10.7059 2 2 1
5.83378 10.7045 10.7045 2 2 1
5.84639 10.703 10.703 2 2 1
5.85946 10.7016 10.7016 2 2 1
5.87303 10.7 10.7 2 2 1
5.88709 10.6985 10.6985 2 2 1
5.9017 10.6969 10.6969 2 2 1
5.91683 10.6953 10.6953 2 2 1
5.93254 10.6936 10.6936 2 2 1
5.9488 10.6919 10.6919 2 2 1
5.96565 10.6901 10.6901 2 2 1
5.98311 10.6884 10.6884 2 2 1
6.00118 10.6865 10.6865 2 2 1
6.0199 10.6847 10.6847 2 2 1
6.03925 10.6827 10.6827 2 2 1
6.05927 10.6808 10.6808 2 2 1
6.07999 10.6788 10.6788 2 2 1
6.10135 10.6768 10.6768 2 2 1
6.12344 10.6747 10.6747 2 2 1
6.14623 10.6726 10.6726 2 2 1
6.17045 10.6705 10.6705 2 2 1
6.19469 10.6683 10.6683 2 2 1
6.21966 10.6661 10.6661 2 2 1
6.24536 10.6638 10.6638 2 2 1
6.2718 10.6616 10.6616 2 2 1
6.29897 10.6593 10.6593 2 2 1
6.32688 10.6569 10.6569 2 2 1
6.35479 10.6546 10.6546 2 2 1
6.3849 10.6522 10.6522 2 2 1
6.41429 10.6498 10.6498 2 2 1
6.44512 10.6474 10.6474 2 2 1
6.47666 10.645 10.645 2 2 1
6.50892 10.6425 10.6425 2 2 1
6.54183 10.64 10.64 2 2 1
6.57544 10.6375 10.6375 2 2 1
6.6097 10.635 10.635 2 2 1
6.64462 10.6325 10.6325 2 2 1
6.68013 10.63 10.63 2 2 1
6.7163 10.6275 10.6275 2 2 1
6.75304 10.6249 10.6249 2 2 1
6.79035 10.6224 10.6224 2 2 1
6.82818 10.6199 10.6199 2 2 1
6.8666 10.6173 10.6173 2 2 1
6.9055 10.6148 10.6148 2 2 1
6.94491 10.6123 10.6123 2 2 1
6.98476 10.6098 10.6098 2 2 1
7.0251 10.6073 10.6073 2 2 1
7.06588 10.6048 10.6048 2 2 1
7.10704 10.6023 10.6023 2 2 1
7.14862 10.5998 10.5998 2 2 1
7.19058 10.5974 10.5974 2 2 1
7.2329 10.5949 10.5949 2 2 1
7.27557 10.5925 10.5925 2 2 1
7.31857 10.5901 10.5901 2 2 1
7.36189 10.5877 10.5877 2 2 1
7.40548 10.5853 10.5853 2 2 1
7.44938 10.5829 10.5829 2 2 1
7.49354 10.5805 10.5805 2 2 1
7.53796 10.5782 10.5782 2 2 1
7.58262 10.5759 10.5759 2 2 1
7.62752 10.5736 10.5736 2 2 1
7.67264 10.5713 10.5713 2 2 1
7.71796 10.569 10.569 2 2 1
7.7635 10.5668 10.5668 2 2 1
7.80921 10.5646 10.5646 2 2 1
7.85511 10.5623 10.5623 2 2 1
7.90118 10.5602 10.5602 2 2 1
7.94741 10.558 10.558 2 2 1
7.99379 10.5558 10.5558 2 2 1
8.04033 10.5537 10.5537 2 2 1
8.08699 10.5516 10.5516 2 2 1
8.1338 10.5495 10.5495 2 2 1
8.18074 10.5474 10.5474 2 2 1
8.22779 10.5454 10.5454 2 2 1
8.27496 10.5433 10.5433 2 2 1
8.32224 10.5413 10.5413 2 2 1
8.36962 10.5393 10.5393 2 2 1
8.4171 10.5373 10.5373 2 2 1
8.46468 10.5354 10.5354 2 2 1
8.51234 10.5334 10.5334 2 2 1
8.5601 10.5315 10.5315 2 2 1
8.60793 10.5296 10.5296 2 2 1
8.65585 10.5277 10.5277 2 2 1
8.70383 10.5258 10.5258 2 2 1
8.75189 10.5239 10.5239 2 2 1
8.80002 10.5221 10.5221 2 2 1
8.84822 10.5203 10.5203 2 2 1
8.89647 10.5184 10.5184 2 2 1
8.94479 10.5167 10.5167 2 2 1
8.99316 10.5149 10.5149 2 2 1
9.04159 10.5131 10.5131 2 2 1
9.09007 10.5114 10.5114 2 2 1
9.1386 10.5096 10.5096 2 2 1
9.18718 10.5079 10.5079 2 2 1
9.23581 10.5062 10.5062 2 2 1
9.28448 10.5045 10.5045 2 2 1
9.33319 10.5028 10.5028 2 2 1
9.38194 10.5012 10.5012 2 2 1
9.43073 10.4995 10.4995 2 2 1
9.47956 10.4979 10.4979 2 2 1
9.52843 10.4963 10.4963 2 2 1
9.57733 10.4947 10.4947 2 2 1
9.62626 10.4931 10.4931 2 2 1
9.67523 10.4915 10.4915 2 2 1
9.72422 10.4899 10.4899 2 2 1
9.77325 10.4884 10.4884 2 2 1
9.8223 10.4869 10.4869 2 2 1
9.87138 10.4853 10.4853 2 2 1
9.92049 10.4838 10.4838 2 2 1
9.96962 10.4823 10.4823 2 2 1
10.0188 10.4808 10.4808 2 2 1
10.068 10.4793 10.4793 2 2 1
10.1172 10.4779 10.4779 2 2 1
10.1664 10.4764 10.4764 2 2 1
10.2156 10.475 10.475 2 2 1
10.2649 10.4735 10.4735 2 2 1
10.3142 10.4721 10.4721 2 2 1
10.3635 10.4707 10.4707 2 2 1
10.4128 10.4693 10.4693 2 2 1
10.4622 10.4679 10.4679 2 2 1
10.5115 10.4665 10.4665 2 2 1
10.5609 10.4652 10.4652 2 2 1
10.6103 10.4638 10.4638 2 2 1
10.6597 10.4625 10.4625 2 2 1
10.7091 10.4611 10.4611 2 2 1
10.7586 10.4598 10.4598 2 2 1
10.808 10.4585 10.4585 2 2 1
10.8575 10.4572 10.4572 2 2 1
10.9069 10.4559 10.4559 2 2 1
10.9564 10.4546 10.4546 2 2 1
11.0059 10.4533 10.4533 2 2 1
11.0555 10.452 10.452 2 2 1
11.105 10.4507 10.4507 2 2 1
11.1545 10.4495 10.4495 2 2 1
11.2041 10.4482 10.4482 2 2 1
11.2536 10.447 10.447 2 2 1
11.3032 10.4458 10.4458 2 2 1
11.3528 10.4445 10.4445 2 2 1
11.4024 10.4433 10.4433 2 2 1
11.452 10.4421 10.4421 2 2 1
11.5016 10.4409 10.4409 2 2 1
11.5512 10.4397 10.4397 2 2 1
11.6008 10.4386 10.4386 2 2 1
11.6504 10.4374 10.4374 2 2 1
11.7001 10.4362 10.4362 2 2 1
11.7497 10.4351 10.4351 2 2 1
11.7994 10.4339 10.4339 2 2 1
11.849 10.4328 10.4328 2 2 1
11.8987 10.4316 10.4316 2 2 1
11.9484 10.4305 10.4305 2 2 1
11.9981 10.4294 10.4294 2 2 1
12.0478 10.4283 10.4283 2 2 1
12.0975 10.4272 10.4272 2 2 1
12.1472 10.4261 10.4261 2 2 1
12.1969 10.425 10.425 2 2 1
12.2466 10.4239 10.4239 2 2 1
12.2963 10.4228 10.4228 2 2 1
12.346 10.4217 10.4217 2 2 1
12.3958 10.4207 10.4207 2 2 1
12.4455 10.4196 10.4196 2 2 1
12.4952 10.4185 10.4185 2 2 1
12.545 10.4175 10.4175 2 2 1
12.5947 10.4164 10.4164 2 2 1
12.6445 10.4154 10.4154 2 2 1
12.6943 10.4144 10.4144 2 2 1
12.744 10.4134 10.4134 2 2 1
12.7938 10.4123 10.4123 2 2 1
12.8436 10.4113 10.4113 2 2 1
12.8933 10.4103 10.4103 2 2 1
12.9431 10.4093 10.4093 2 2 1
12.9929 10.4083 10.4083 2 2 1
13.0427 10.4073 10.4073 2 2 1
13.0925 10.4064 10.4064 2 2 1
13.1423 10.4054 10.4054 2 2 1
13.1921 10.4044 10.4044 2 2 1
13.2419 10.4034 10.4034 2 2 1
13.2917 10.4025 10.4025 2 2 1
13.3415 10.4015 10.4015 2 2 1
13.3913 10.4006 10.4006 2 2 1
13.4412 10.3996 10.3996 2 2 1
13.491 10.3987 10.3987 2 2 1
13.5408 10.3977 10.3977 2 2 1
13.5906 10.3968 10.3968 2 2 1
13.6405 10.3959 10.3959 2 2 1
13.6903 10.395 10.395 2 2 1
13.7401 10.394 10.394 2 2 1
13.79 10.3931 10.3931 2 2 1
13.8398 10.3922 10.3922 2 2 1
13.8897 10.3913 10.3913 2 2 1
13.9395 10.3904 10.3904 2 2 1
13.9894 10.3895 10.3895 2 2 1
14.0392 10.3886 10.3886 2 2 1
14.0891 10.3878 10.3878 2 2 1
14.1389 10.3869 10.3869 2 2 1
14.1888 10.386 10.386 2 2 1
14.2387 10.3851 10.3851 2 2 1
14.2885 10.3843 10.3843 2 2 1
14.3384 10.3834 10.3834 2 2 1
14.3883 10.3826 10.3826 2 2 1
14.4381 10.3817 10.3817 2 2 1
14.488 10.3809 10.3809 2 2 1
14.5379 10.38 10.38 2 2 1
14.5877 10.3792 10.3792 2 2 1
14.6376 10.3783 10.3783 2 2 1
14.6875 10.3775 10.3775 2 2 1
14.7374 10.3767 10.3767 2 2 1
14.7873 10.3758 10.3758 2 2 1
14.8372 10.375 10.375 2 2 1
14.887 10.3742 10.3742 2 2 1
14.9369 10.3734 10.3734 2 2 1
14.9868 10.3726 10.3726 2 2 1
15.0367 10.3718 10.3718 2 2 1
15.0866 10.371 10.371 2 2 1
15.1365 10.3702 10.3702 2 2 1
15.1864 10.3694 10.3694 2 2 1
15.2363 10.3686 10.3686 2 2 1
15.2862 10.3678 10.3678 2 2 1
15.3361 10.367 10.367 2 2 1
15.386 10.3662 10.3662 2 2 1
15.4359 10.3655 10.3655 2 2 1
15.4858 10.3647 10.3647 2 2 1
15.5357 10.3639 10.3639 2 2 1
15.5856 10.3632 10.3632 2 2 1
15.6355 10.3624 10.3624 2 2 1
15.6855 10.3616 10.3616 2 2 1
15.7354 10.3609 10.3609 2 2 1
15.7853 10.3601 10.3601 2 2 1
15.8352 10.3594 10.3594 2 2 1
15.8851 10.3586 10.3586 2 2 1
15.935 10.3579 10.3579 2 2 1
15.9849 10.3572 10.3572 2 2 1
16.0349 10.3564 10.3564 2 2 1
16.0848 10.3557 10.3557 2 2 1
16.1347 10.355 10.355 2 2 1
16.1846 10.3542 10.3542 2 2 1
16.2345 10.3535 10.3535 2 2 1
16.2845 10.3528 10.3528 2 2 1
16.3344 10.3521 10.3521 2 2 1
16.3843 10.3514 10.3514 2 2 1
16.4343 10.3506 10.3506 2 2 1
16.4842 10.3499 10.3499 2 2 1
16.5341 10.3492 10.3492 2 2 1
16.584 10.3485 10.3485 2 2 1
16.634 10.3478 10.3478 2 2 1
16.6839 10.3471 10.3471 2 2 1
16.7338 10.3464 10.3464 2 2 1
16.7838 10.3457 10.3457 2 2 1
16.8337 10.3451 10.3451 2 2 1
16.8836 10.3444 10.3444 2 2 1
16.9336 10.3437 10.3437 2 2 1
16.9835 10.343 10.343 2 2 1
17.0335 10.3423 10.3423 2 2 1
17.0834 10.3417 10.3417 2 2 1
17.1333 10.341 10.341 2 2 1
17.1833 10.3403 10.3403 2 2 1
17.2332 10.3396 10.3396 2 2 1
17.2832 10.339 10.339 2 2 1
17.3331 10.3383 10.3383 2 2 1
17.383 10.3377 10.3377 2 2 1
17.433 10.337 10.337 2 2 1
17.4829 10.3364 10.3364 2 2 1
17.5329 10.3357 10.3357 2 2 1
17.5828 10.3351 10.3351 2 2 1
17.6328 10.3344 10.3344 2 2 1
17.6827 10.3338 10.3338 2 2 1
17.7327 10.3331 10.3331 2 2 1
17.7826 10.3325 10.3325 2 2 1
17.8326 10.3318 10.3318 2 2 1
17.8825 10.3312 10.3312 2 2 1
17.9325 10.3306 10.3306 2 2 1
17.9824 10.33 10.33 2 2 1
18.0324 10.3293 10.3293 2 2 1
18.0823 10.3287 10.3287 2 2 1
18.1323 10.3281 10.3281 2 2 1
18.1822 10.3275 10.3275 2 2 1
18.2322 10.3268 10.3268 2 2 1
18.2821 10.3262 10.3262 2 2 1
18.3321 10.3256 10.3256 2 2 1
18.382 10.325 10.325 2 2 1
18.432 10.3244 10.3244 2 2 1
18.4819 10.3238 10.3238 2 2 1
18.5319 10.3232 10.3232 2 2 1
18.5818 10.3226 10.3226 2 2 1
18.6318 10.322 10.322 2 2 1
18.6818 10.3214 10.3214 2 2 1
18.7317 10.3208 10.3208 2 2 1
18.7817 10.3202 10.3202 2 2 1
18.8316 10.3196 10.3196 2 2 1
18.8816 10.319 10.319 2 2 1
18.9316 10.3184 10.3184 2 2 1
18.9815 10.3178 10.3178 2 2 1
19.0315 10.3172 10.3172 2 2 1
19.0814 10.3167 10.3167 2 2 1
19.1314 10.3161 10.3161 2 2 1
19.1814 10.3155 10.3155 2 2 1
19.2313 10.3149 10.3149 2 2 1
19.2813 10.3144 10.3144 2 2 1
19.3313 10.3138 10.3138 2 2 1
19.3812 10.3132 10.3132 2 2 1
19.4312 10.3126 10.3126 2 2 1
19.4811 10.3121 10.3121 2 2 1
19.5311 10.3115 10.3115 2 2 1
19.5811 10.311 10.311 2 2 1
19.631 10.3104 10.3104 2 2 1
19.681 10.3098 10.3098 2 2 1
19.731 10.3093 10.3093 2 2 1
19.7809 10.3087 10.3087 2 2 1
19.8309 10.3082 10.3082 2 2 1
19.8809 10.3076 10.3076 2 2 1
19.9308 10.3071 10.3071 2 2 1
19.9808 10.3065 10.3065 2 2 1
20.0308 10.306 10.306 2 2 1
20.0807 10.3054 10.3054 2 2 1
20.1307 10.3049 10.3049 2 2 1
