1.87725 -0.1 -0.1 2 3 1
1.87731 -0.080423 -0.080423 2 3 1
1.87738 -0.0608473 -0.0608473 2 3 1
1.8775 -0.0216995 -0.0216995 2 3 1
1.87767 0.027224 0.027224 2 3 1
1.87783 0.0761313 0.0761313 2 3 1
1.878 0.125025 0.125025 2 3 1
1.87816 0.173905 0.173905 2 3 1
1.87833 0.222772 0.222772 2 3 1
1.87849 0.271627 0.271627 2 3 1
1.87866 0.320467 0.320467 2 3 1
1.87883 0.369294 0.369294 2 3 1
1.879 0.418107 0.418107 2 3 1
1.87917 0.466906 0.466906 2 3 1
1.87934 0.51569 0.51569 2 3 1
1.87951 0.56446 0.56446 2 3 1
1.87968 0.613214 0.613214 2 3 1
1.87985 0.661954 0.661954 2 3 1
1.88002 0.710678 0.710678 2 3 1
1.8802 0.759387 0.759387 2 3 1
1.88037 0.808079 0.808079 2 3 1
1.88055 0.856756 0.856756 2 3 1
1.88072 0.905416 0.905416 2 3 1
1.8809 0.954059 0.954059 2 3 1
1.88108 1.00269 1.00269 2 3 1
1.88125 1.05129 1.05129 2 3 1
1.88143 1.09989 1.09989 2 3 1
1.88161 1.14846 1.14846 2 3 1
1.88179 1.19701 1.19701 2 3 1
1.88197 1.24555 1.24555 2 3 1
1.88216 1.29407 1.29407 2 3 1
1.88234 1.34257 1.34257 2 3 1
1.88252 1.39105 1.39105 2 3 1
1.88271 1.43951 1.43951 2 3 1
1.88289 1.48794 1.48794 2 3 1
1.88308 1.53636 1.53636 2 3 1
1.88327 1.58476 1.58476 2 3 1
1.88345 1.63314 1.63314 2 3 1
1.88364 1.68149 1.68149 2 3 1
1.88383 1.72982 1.72982 2 3 1
1.88402 1.77813 1.77813 2 3 1
1.88421 1.82642 1.82642 2 3 1
1.88441 1.87468 1.87468 2 3 1
1.8846 1.92292 1.92292 2 3 1
1.88479 1.97114 1.97114 2 3 1
1.88499 2.01933 2.01933 2 3 1
1.88518 2.0675 2.0675 2 3 1
1.88538 2.11564 2.11564 2 3 1
1.88558 2.16375 2.16375 2 3 1
1.88578 2.21184 2.21184 2 3 1
1.88598 2.2599 2.2599 2 3 1
1.88618 2.30793 2.30793 2 3 1
1.88638 2.35594 2.35594 2 3 1
1.88658 2.40392 2.40392 2 3 1
1.88678 2.45186 2.45186 2 3 1
1.88699 2.49978 2.49978 2 3 1
1.88719 2.54767 2.54767 2 3 1
1.8874 2.59553 2.59553 2 3 1
1.88761 2.64335 2.64335 2 3 1
1.88781 2.69114 2.69114 2 3 1
1.88802 2.73891 2.73891 2 3 1
1.88823 2.78663 2.78663 2 3 1
1.88844 2.83433 2.83433 2 3 1
1.88866 2.88199 2.88199 2 3 1
1.88887 2.92961 2.92961 2 3 1
1.88908 2.9772 2.9772 2 3 1
1.8893 3.02475 3.02475 2 3 1
1.88951 3.07226 3.07226 2 3 1
1.88973 3.11974 3.11974 2 3 1
1.88995 3.16717 3.16717 2 3 1
1.89017 3.21457 3.21457 2 3 1
1.89039 3.26193 3.26193 2 3 1
1.89061 3.30924 3.30924 2 3 1
1.89083 3.35652 3.35652 2 3 1
1.89106 3.40375 3.40375 2 3 1
1.89128 3.45093 3.45093 2 3 1
1.89151 3.49807 3.49807 2 3 1
1.89174 3.54517 3.54517 2 3 1
1.89197 3.59222 3.59222 2 3 1
1.89219 3.63922 3.63922 2 3 1
1.89243 3.68617 3.68617 2 3 1
1.89266 3.73307 3.73307 2 3 1
1.89289 3.77993 3.77993 2 3 1
1.89312 3.82673 3.82673 2 3 1
1.89336 3.87348 3.87348 2 3 1
1.8936 3.92017 3.92017 2 3 1
1.89383 3.96681 3.96681 2 3 1
1.89407 4.01339 4.01339 2 3 1
1.89431 4.05992 4.05992 2 3 1
1.89455 4.10639 4.10639 2 3 1
1.8948 4.15279 4.15279 2 3 1
1.89504 4.19914 4.19914 2 3 1
1.89529 4.24543 4.24543 2 3 1
1.89553 4.29165 4.29165 2 3 1
1.89578 4.3378 4.3378 2 3 1
1.89603 4.38389 4.38389 2 3 1
1.89628 4.42992 4.42992 2 3 1
1.89653 4.47587 4.47587 2 3 1
1.89678 4.52175 4.52175 2 3 1
1.89704 4.56756 4.56756 2 3 1
1.89729 4.6133 4.6133 2 3 1
1.89755 4.65896 4.65896 2 3 1
1.89781 4.70454 4.70454 2 3 1
1.89807 4.75005 4.75005 2 3 1
1.89833 4.79547 4.79547 2 3 1
1.89859 4.84082 4.84082 2 3 1
1.89885 4.88608 4.88608 2 3 1
1.89912 4.93125 4.93125 2 3 1
1.89938 4.97634 4.97634 2 3 1
1.89965 5.02134 5.02134 2 3 1
1.89992 5.06624 5.06624 2 3 1
1.90019 5.11106 5.11106 2 3 1
1.90046 5.15578 5.15578 2 3 1
1.90073 5.2004 5.2004 2 3 1
1.90101 5.24492 5.24492 2 3 1
1.90128 5.28934 5.28934 2 3 1
1.90156 5.33366 5.33366 2 3 1
1.90184 5.37788 5.37788 2 3 1
1.90211 5.42198 5.42198 2 3 1
1.9024 5.46598 5.46598 2 3 1
1.90268 5.50986 5.50986 2 3 1
1.90296 5.55363 5.55363 2 3 1
1.90325 5.59728 5.59728 2 3 1
1.90353 5.64081 5.64081 2 3 1
1.90382 5.68422 5.68422 2 3 1
1.90411 5.72751 5.72751 2 3 1
1.9044 5.77066 5.77066 2 3 1
1.90469 5.81369 5.81369 2 3 1
1.90498 5.85659 5.85659 2 3 1
1.90528 5.89935 5.89935 2 3 1
1.90557 5.94198 5.94198 2 3 1
1.90587 5.98446 5.98446 2 3 1
1.90617 6.0268 6.0268 2 3 1
1.90647 6.069 6.069 2 3 1
1.90677 6.11104 6.11104 2 3 1
1.90707 6.15294 6.15294 2 3 1
1.90737 6.19468 6.19468 2 3 1
1.90768 6.23626 6.23626 2 3 1
1.90798 6.27768 6.27768 2 3 1
1.90829 6.31894 6.31894 2 3 1
1.9086 6.36003 6.36003 2 3 1
1.90891 6.40095 6.40095 2 3 1
1.90922 6.4417 6.4417 2 3 1
1.90953 6.48227 6.48227 2 3 1
1.90985 6.52266 6.52266 2 3 1
1.91016 6.56287 6.56287 2 3 1
1.91048 6.6029 6.6029 2 3 1
1.91079 6.64273 6.64273 2 3 1
1.91111 6.68238 6.68238 2 3 1
1.91143 6.72183 6.72183 2 3 1
1.91175 6.76108 6.76108 2 3 1
1.91207 6.80013 6.80013 2 3 1
1.9124 6.83898 6.83898 2 3 1
1.91272 6.87762 6.87762 2 3 1
1.91304 6.91604 6.91604 2 3 1
1.91337 6.95426 6.95426 2 3 1
1.9137 6.99225 6.99225 2 3 1
1.91402 7.03003 7.03003 2 3 1
1.91435 7.06758 7.06758 2 3 1
1.91468 7.10491 7.10491 2 3 1
1.91501 7.142 7.142 2 3 1
1.91534 7.17887 7.17887 2 3 1
1.91567 7.2155 7.2155 2 3 1
1.916 7.25189 7.25189 2 3 1
1.91634 7.28804 7.28804 2 3 1
1.91667 7.32394 7.32394 2 3 1
1.917 7.3596 7.3596 2 3 1
1.91734 7.39501 7.39501 2 3 1
1.91767 7.43016 7.43016 2 3 1
1.91801 7.46507 7.46507 2 3 1
1.91835 7.49971 7.49971 2 3 1
1.91868 7.5341 7.5341 2 3 1
1.91902 7.56822 7.56822 2 3 1
1.91936 7.60208 7.60208 2 3 1
1.9197 7.63567 7.63567 2 3 1
1.92004 7.669 7.669 2 3 1
1.92037 7.70205 7.70205 2 3 1
1.92071 7.73483 7.73483 2 3 1
1.92105 7.76734 7.76734 2 3 1
1.92139 7.79957 7.79957 2 3 1
1.92173 7.83153 7.83153 2 3 1
1.92207 7.8632 7.8632 2 3 1
1.92241 7.8946 7.8946 2 3 1
1.92275 7.92572 7.92572 2 3 1
1.92309 7.95655 7.95655 2 3 1
1.92343 7.9871 7.9871 2 3 1
1.92377 8.01736 8.01736 2 3 1
1.92411 8.04734 8.04734 2 3 1
1.92445 8.07703 8.07703 2 3 1
1.92479 8.10644 8.10644 2 3 1
1.92513 8.13556 8.13556 2 3 1
1.92547 8.16439 8.16439 2 3 1
1.9258 8.19294 8.19294 2 3 1
1.92614 8.2212 8.2212 2 3 1
1.92648 8.24916 8.24916 2 3 1
1.92682 8.27685 8.27685 2 3 1
1.92715 8.30424 8.30424 2 3 1
1.92749 8.33135 8.33135 2 3 1
1.92782 8.35817 8.35817 2 3 1
1.92816 8.38471 8.38471 2 3 1
1.92849 8.41096 8.41096 2 3 1
1.92883 8.43692 8.43692 2 3 1
1.92916 8.4626 8.4626 2 3 1
1.92949 8.488 8.488 2 3 1
1.92983 8.51312 8.51312 2 3 1
1.93016 8.53795 8.53795 2 3 1
1.93049 8.56251 8.56251 2 3 1
1.93082 8.58679 8.58679 2 3 1
1.93114 8.61079 8.61079 2 3 1
1.93147 8.63452 8.63452 2 3 1
1.9318 8.65797 8.65797 2 3 1
1.93212 8.68115 8.68115 2 3 1
1.93245 8.70406 8.70406 2 3 1
1.93277 8.72671 8.72671 2 3 1
1.9331 8.74908 8.74908 2 3 1
1.93342 8.77119 8.77119 2 3 1
1.93374 8.79304 8.79304 2 3 1
1.93406 8.81462 8.81462 2 3 1
1.93438 8.83595 8.83595 2 3 1
1.93469 8.85702 8.85702 2 3 1
1.93501 8.87784 8.87784 2 3 1
1.93533 8.8984 8.8984 2 3 1
1.93564 8.91871 8.91871 2 3 1
1.93595 8.93878 8.93878 2 3 1
1.93627 8.9586 8.9586 2 3 1
1.93658 8.97817 8.97817 2 3 1
1.93689 8.9975 8.9975 2 3 1
1.93719 9.0166 9.0166 2 3 1
1.9375 9.03546 9.03546 2 3 1
1.93781 9.05408 9.05408 2 3 1
1.93811 9.07247 9.07247 2 3 1
1.93842 9.09064 9.09064 2 3 1
1.93872 9.10858 9.10858 2 3 1
1.93902 9.12629 9.12629 2 3 1
1.93932 9.14378 9.14378 2 3 1
1.93962 9.16105 9.16105 2 3 1
1.93991 9.17811 9.17811 2 3 1
1.94021 9.19495 9.19495 2 3 1
1.9405 9.21158 9.21158 2 3 1
1.9408 9.22799 9.22799 2 3 1
1.94109 9.24421 9.24421 2 3 1
1.94138 9.26022 9.26022 2 3 1
1.94167 9.27602 9.27602 2 3 1
1.94195 9.29163 9.29163 2 3 1
1.94224 9.30704 9.30704 2 3 1
1.94253 9.32225 9.32225 2 3 1
1.94281 9.33728 9.33728 2 3 1
1.94309 9.35211 9.35211 2 3 1
1.94337 9.36675 9.36675 2 3 1
1.94365 9.38121 9.38121 2 3 1
1.94393 9.39549 9.39549 2 3 1
1.94421 9.40959 9.40959 2 3 1
1.94448 9.42351 9.42351 2 3 1
1.94476 9.43725 9.43725 2 3 1
1.94503 9.45082 9.45082 2 3 1
1.9453 9.46422 9.46422 2 3 1
1.94557 9.47745 9.47745 2 3 1
1.94584 9.49052 9.49052 2 3 1
1.94611 9.50342 9.50342 2 3 1
1.94637 9.51615 9.51615 2 3 1
1.94664 9.52873 9.52873 2 3 1
1.9469 9.54115 9.54115 2 3 1
1.94716 9.55342 9.55342 2 3 1
1.94742 9.56553 9.56553 2 3 1
1.94768 9.57748 9.57748 2 3 1
1.94794 9.58929 9.58929 2 3 1
1.9482 9.60096 9.60096 2 3 1
1.94845 9.61247 9.61247 2 3 1
1.94871 9.62384 9.62384 2 3 1
1.94896 9.63508 9.63508 2 3 1
1.94921 9.64617 9.64617 2 3 1
1.94946 9.65712 9.65712 2 3 1
1.94971 9.66794 9.66794 2 3 1
1.94996 9.67862 9.67862 2 3 1
1.9502 9.68918 9.68918 2 3 1
1.95045 9.6996 9.6996 2 3 1
1.95069 9.70989 9.70989 2 3 1
1.95094 9.72006 9.72006 2 3 1
1.95118 9.7301 9.7301 2 3 1
1.95142 9.74002 9.74002 2 3 1
1.95166 9.74982 9.74982 2 3 1
1.95189 9.7595 9.7595 2 3 1
1.95213 9.76906 9.76906 2 3 1
1.95236 9.7785 9.7785 2 3 1
1.9526 9.78783 9.78783 2 3 1
1.95283 9.79704 9.79704 2 3 1
1.95306 9.80614 9.80614 2 3 1
1.95329 9.81514 9.81514 2 3 1
1.95352 9.82402 9.82402 2 3 1
1.95375 9.8328 9.8328 2 3 1
1.95397 9.84147 9.84147 2 3 1
1.9542 9.85003 9.85003 2 3 1
1.95442 9.8585 9.8585 2 3 1
1.95464 9.86686 9.86686 2 3 1
1.95486 9.87512 9.87512 2 3 1
1.95509 9.88329 9.88329 2 3 1
1.9553 9.89135 9.89135 2 3 1
1.95552 9.89932 9.89932 2 3 1
1.95574 9.9072 9.9072 2 3 1
1.95595 9.91498 9.91498 2 3 1
1.95617 9.92267 9.92267 2 3 1
1.95638 9.93027 9.93027 2 3 1
1.95659 9.93778 9.93778 2 3 1
1.9568 9.9452 9.9452 2 3 1
1.95701 9.95253 9.95253 2 3 1
1.95722 9.95978 9.95978 2 3 1
1.95743 9.96695 9.96695 2 3 1
1.95764 9.97402 9.97402 2 3 1
1.95784 9.98102 9.98102 2 3 1
1.95805 9.98794 9.98794 2 3 1
1.95825 9.99477 9.99477 2 3 1
1.95845 10.0015 10.0015 2 3 1
1.95865 10.0082 10.0082 2 3 1
1.95885 10.0148 10.0148 2 3 1
1.95905 10.0213 10.0213 2 3 1
1.95925 10.0278 10.0278 2 3 1
1.95945 10.0342 10.0342 2 3 1
1.95964 10.0405 10.0405 2 3 1
1.95984 10.0467 10.0467 2 3 1
1.96003 10.0528 10.0528 2 3 1
1.96022 10.0589 10.0589 2 3 1
1.96041 10.0649 10.0649 2 3 1
1.9606 10.0709 10.0709 2 3 1
1.96079 10.0768 10.0768 2 3 1
1.96098 10.0826 10.0826 2 3 1
1.96117 10.0883 10.0883 2 3 1
1.96136 10.094 10.094 2 3 1
1.96154 10.0997 10.0997 2 3 1
1.96173 10.1052 10.1052 2 3 1
1.96191 10.1107 10.1107 2 3 1
1.96209 10.1161 10.1161 2 3 1
1.96227 10.1215 10.1215 2 3 1
1.96245 10.1268 10.1268 2 3 1
1.96263 10.1321 10.1321 2 3 1
1.96281 10.1373 10.1373 2 3 1
1.96299 10.1424 10.1424 2 3 1
1.96316 10.1475 10.1475 2 3 1
1.96334 10.1525 10.1525 2 3 1
1.96352 10.1575 10.1575 2 3 1
1.96369 10.1624 10.1624 2 3 1
1.96386 10.1673 10.1673 2 3 1
1.96403 10.1721 10.1721 2 3 1
1.9642 10.1768 10.1768 2 3 1
1.96437 10.1815 10.1815 2 3 1
1.96454 10.1862 10.1862 2 3 1
1.96471 10.1908 10.1908 2 3 1
1.96488 10.1953 10.1953 2 3 1
1.96505 10.1998 10.1998 2 3 1
1.96521 10.2043 10.2043 2 3 1
1.96538 10.2087 10.2087 2 3 1
1.96554 10.213 10.213 2 3 1
1.9657 10.2173 10.2173 2 3 1
1.96586 10.2216 10.2216 2 3 1
1.96603 10.2258 10.2258 2 3 1
1.96619 10.23 10.23 2 3 1
1.96635 10.2341 10.2341 2 3 1
1.9665 10.2382 10.2382 2 3 1
1.96666 10.2422 10.2422 2 3 1
1.96682 10.2462 10.2462 2 3 1
1.96697 10.2502 10.2502 2 3 1
1.96713 10.2541 10.2541 2 3 1
1.96728 10.2579 10.2579 2 3 1
1.96744 10.2618 10.2618 2 3 1
1.96759 10.2656 10.2656 2 3 1
1.96774 10.2693 10.2693 2 3 1
1.96789 10.273 10.273 2 3 1
1.96804 10.2767 10.2767 2 3 1
1.96819 10.2803 10.2803 2 3 1
1.96834 10.2839 10.2839 2 3 1
1.96849 10.2874 10.2874 2 3 1
1.96864 10.291 10.291 2 3 1
1.96878 10.2944 10.2944 2 3 1
1.96893 10.2979 10.2979 2 3 1
1.96907 10.3013 10.3013 2 3 1
1.96922 10.3046 10.3046 2 3 1
1.96936 10.308 10.308 2 3 1
1.9695 10.3113 10.3113 2 3 1
1.96964 10.3145 10.3145 2 3 1
1.96979 10.3178 10.3178 2 3 1
1.96993 10.321 10.321 2 3 1
1.97007 10.3241 10.3241 2 3 1
1.9702 10.3273 10.3273 2 3 1
1.97034 10.3304 10.3304 2 3 1
1.97048 10.3334 10.3334 2 3 1
1.97062 10.3365 10.3365 2 3 1
1.97075 10.3395 10.3395 2 3 1
1.97089 10.3424 10.3424 2 3 1
1.97102 10.3454 10.3454 2 3 1
1.97115 10.3483 10.3483 2 3 1
1.97129 10.3512 10.3512 2 3 1
1.97142 10.354 10.354 2 3 1
1.97155 10.3569 10.3569 2 3 1
1.97168 10.3597 10.3597 2 3 1
1.97181 10.3624 10.3624 2 3 1
1.97194 10.3652 10.3652 2 3 1
1.97207 10.3679 10.3679 2 3 1
1.9722 10.3705 10.3705 2 3 1
1.97232 10.3732 10.3732 2 3 1
1.97245 10.3758 10.3758 2 3 1
1.97258 10.3784 10.3784 2 3 1
1.9727 10.381 10.381 2 3 1
1.97283 10.3836 10.3836 2 3 1
1.97295 10.3861 10.3861 2 3 1
1.97307 10.3886 10.3886 2 3 1
1.9732 10.3911 10.3911 2 3 1
1.97332 10.3935 10.3935 2 3 1
1.97344 10.3959 10.3959 2 3 1
1.97356 10.3983 10.3983 2 3 1
1.97368 10.4007 10.4007 2 3 1
1.9738 10.4031 10.4031 2 3 1
1.97392 10.4054 10.4054 2 3 1
1.97404 10.4077 10.4077 2 3 1
1.97415 10.41 10.41 2 3 1
1.97427 10.4122 10.4122 2 3 1
1.97439 10.4145 10.4145 2 3 1
1.9745 10.4167 10.4167 2 3 1
1.97462 10.4189 10.4189 2 3 1
1.97473 10.421 10.421 2 3 1
1.97485 10.4232 10.4232 2 3 1
1.97496 10.4253 10.4253 2 3 1
1.97507 10.4274 10.4274 2 3 1
1.97518 10.4295 10.4295 2 3 1
1.97529 10.4316 10.4316 2 3 1
1.97541 10.4336 10.4336 2 3 1
1.97552 10.4356 10.4356 2 3 1
1.97562 10.4376 10.4376 2 3 1
1.97573 10.4396 10.4396 2 3 1
1.97584 10.4416 10.4416 2 3 1
1.97595 10.4435 10.4435 2 3 1
1.97606 10.4455 10.4455 2 3 1
1.97616 10.4474 10.4474 2 3 1
1.97627 10.4493 10.4493 2 3 1
1.97638 10.4511 10.4511 2 3 1
1.97648 10.453 10.453 2 3 1
1.97658 10.4548 10.4548 2 3 1
1.97669 10.4566 10.4566 2 3 1
1.97679 10.4584 10.4584 2 3 1
1.97689 10.4602 10.4602 2 3 1
1.977 10.462 10.462 2 3 1
1.9771 10.4637 10.4637 2 3 1
1.9772 10.4655 10.4655 2 3 1
1.9773 10.4672 10.4672 2 3 1
1.9774 10.4689 10.4689 2 3 1
1.9775 10.4706 10.4706 2 3 1
1.9776 10.4722 10.4722 2 3 1
1.9777 10.4739 10.4739 2 3 1
1.97779 10.4755 10.4755 2 3 1
1.97789 10.4771 10.4771 2 3 1
1.97799 10.4787 10.4787 2 3 1
1.97808 10.4803 10.4803 2 3 1
1.97818 10.4819 10.4819 2 3 1
1.97827 10.4834 10.4834 2 3 1
1.97837 10.485 10.485 2 3 1
1.97846 10.4865 10.4865 2 3 1
1.97856 10.488 10.488 2 3 1
1.97865 10.4895 10.4895 2 3 1
1.97874 10.491 10.491 2 3 1
1.97883 10.4924 10.4924 2 3 1
1.97893 10.4939 10.4939 2 3 1
1.97902 10.4953 10.4953 2 3 1
1.97911 10.4967 10.4967 2 3 1
1.9792 10.4982 10.4982 2 3 1
1.97929 10.4996 10.4996 2 3 1
1.97938 10.5009 10.5009 2 3 1
1.97947 10.5023 10.5023 2 3 1
1.97955 10.5037 10.5037 2 3 1
1.97964 10.505 10.505 2 3 1
1.97973 10.5063 10.5063 2 3 1
1.97982 10.5077 10.5077 2 3 1
1.9799 10.509 10.509 2 3 1
1.97999 10.5103 10.5103 2 3 1
1.98007 10.5115 10.5115 2 3 1
1.98016 10.5128 10.5128 2 3 1
1.98024 10.5141 10.5141 2 3 1
1.98033 10.5153 10.5153 2 3 1
1.98041 10.5165 10.5165 2 3 1
1.98049 10.5178 10.5178 2 3 1
1.98058 10.519 10.519 2 3 1
1.98066 10.5202 10.5202 2 3 1
1.98074 10.5214 10.5214 2 3 1
1.98082 10.5225 10.5225 2 3 1
1.9809 10.5237 10.5237 2 3 1
1.98098 10.5249 10.5249 2 3 1
1.98106 10.526 10.526 2 3 1
1.98114 10.5271 10.5271 2 3 1
1.98122 10.5283 10.5283 2 3 1
1.9813 10.5294 10.5294 2 3 1
1.98138 10.5305 10.5305 2 3 1
1.98145 10.5316 10.5316 2 3 1
1.98153 10.5326 10.5326 2 3 1
1.98161 10.5337 10.5337 2 3 1
1.98169 10.5348 10.5348 2 3 1
1.98176 10.5358 10.5358 2 3 1
1.98184 10.5369 10.5369 2 3 1
1.98191 10.5379 10.5379 2 3 1
1.98199 10.5389 10.5389 2 3 1
1.98206 10.5399 10.5399 2 3 1
1.98214 10.5409 10.5409 2 3 1
1.98221 10.5419 10.5419 2 3 1
1.98228 10.5429 10.5429 2 3 1
1.98236 10.5439 10.5439 2 3 1
1.98243 10.5448 10.5448 2 3 1
1.9825 10.5458 10.5458 2 3 1
1.98257 10.5467 10.5467 2 3 1
1.98264 10.5477 10.5477 2 3 1
1.98271 10.5486 10.5486 2 3 1
1.98278 10.5495 10.5495 2 3 1
1.98285 10.5504 10.5504 2 3 1
1.98292 10.5513 10.5513 2 3 1
1.98299 10.5522 10.5522 2 3 1
1.98306 10.5531 10.5531 2 3 1
1.98313 10.554 10.554 2 3 1
1.9832 10.5549 10.5549 2 3 1
1.98327 10.5557 10.5557 2 3 1
1.98333 10.5566 10.5566 2 3 1
1.9834 10.5574 10.5574 2 3 1
1.98347 10.5583 10.5583 2 3 1
1.98353 10.5591 10.5591 2 3 1
1.9836 10.5599 10.5599 2 3 1
1.98366 10.5607 10.5607 2 3 1
1.98373 10.5615 10.5615 2 3 1
1.98379 10.5623 10.5623 2 3 1
1.98386 10.5631 10.5631 2 3 1
1.98392 10.5639 10.5639 2 3 1
1.98399 10.5647 10.5647 2 3 1
1.98405 10.5655 10.5655 2 3 1
1.98411 10.5662 10.5662 2 3 1
1.98418 10.567 10.567 2 3 1
1.98424 10.5677 10.5677 2 3 1
1.9843 10.5685 10.5685 2 3 1
1.98436 10.5692 10.5692 2 3 1
1.98442 10.5699 10.5699 2 3 1
1.98448 10.5707 10.5707 2 3 1
1.98454 10.5714 10.5714 2 3 1
1.98461 10.5721 10.5721 2 3 1
1.98466 10.5728 10.5728 2 3 1
1.98472 10.5735 10.5735 2 3 1
1.98478 10.5742 10.5742 2 3 1
1.98484 10.5749 10.5749 2 3 1
1.9849 10.5755 10.5755 2 3 1
1.98496 10.5762 10.5762 2 3 1
1.98502 10.5769 10.5769 2 3 1
1.98508 10.5775 10.5775 2 3 1
1.98513 10.5782 10.5782 2 3 1
1.98519 10.5788 10.5788 2 3 1
1.98525 10.5795 10.5795 2 3 1
1.9853 10.5801 10.5801 2 3 1
1.98536 10.5807 10.5807 2 3 1
1.98541 10.5813 10.5813 2 3 1
1.98547 10.582 10.582 2 3 1
1.98552 10.5826 10.5826 2 3 1
1.98558 10.5832 10.5832 2 3 1
1.98563 10.5838 10.5838 2 3 1
1.98569 10.5844 10.5844 2 3 1
1.98574 10.585 10.585 2 3 1
1.9858 10.5855 10.5855 2 3 1
1.98585 10.5861 10.5861 2 3 1
1.9859 10.5867 10.5867 2 3 1
1.98595 10.5872 10.5872 2 3 1
1.98601 10.5878 10.5878 2 3 1
1.98606 10.5884 10.5884 2 3 1
1.98611 10.5889 10.5889 2 3 1
1.98616 10.5895 10.5895 2 3 1
1.98621 10.59 10.59 2 3 1
1.98626 10.5905 10.5905 2 3 1
1.98631 10.5911 10.5911 2 3 1
1.98636 10.5916 10.5916 2 3 1
1.98641 10.5921 10.5921 2 3 1
1.98646 10.5926 10.5926 2 3 1
1.98651 10.5932 10.5932 2 3 1
1.98656 10.5937 10.5937 2 3 1
1.98661 10.5942 10.5942 2 3 1
1.98666 10.5947 10.5947 2 3 1
1.98671 10.5952 10.5952 2 3 1
1.98676 10.5956 10.5956 2 3 1
1.9868 10.5961 10.5961 2 3 1
1.98685 10.5966 10.5966 2 3 1
1.9869 10.5971 10.5971 2 3 1
1.98695 10.5976 10.5976 2 3 1
1.98699 10.598 10.598 2 3 1
1.98704 10.5985 10.5985 2 3 1
1.98709 10.5989 10.5989 2 3 1
1.98713 10.5994 10.5994 2 3 1
1.98718 10.5998 10.5998 2 3 1
1.98722 10.6003 10.6003 2 3 1
1.98727 10.6007 10.6007 2 3 1
1.98731 10.6012 10.6012 2 3 1
1.98736 10.6016 10.6016 2 3 1
1.9874 10.602 10.602 2 3 1
1.98744 10.6025 10.6025 2 3 1
1.98749 10.6029 10.6029 2 3 1
1.98753 10.6033 10.6033 2 3 1
1.98758 10.6037 10.6037 2 3 1
1.98762 10.6041 10.6041 2 3 1
1.98766 10.6045 10.6045 2 3 1
1.9877 10.6049 10.6049 2 3 1
1.98775 10.6053 10.6053 2 3 1
1.98779 10.6057 10.6057 2 3 1
1.98783 10.6061 10.6061 2 3 1
1.98787 10.6065 10.6065 2 3 1
1.98791 10.6069 10.6069 2 3 1
1.98795 10.6073 10.6073 2 3 1
1.988 10.6077 10.6077 2 3 1
1.98804 10.608 10.608 2 3 1
1.98808 10.6084 10.6084 2 3 1
1.98812 10.6088 10.6088 2 3 1
1.98816 10.6091 10.6091 2 3 1
1.9882 10.6095 10.6095 2 3 1
1.98824 10.6098 10.6098 2 3 1
1.98828 10.6102 10.6102 2 3 1
1.98831 10.6106 10.6106 2 3 1
1.98835 10.6109 10.6109 2 3 1
1.98839 10.6112 10.6112 2 3 1
1.98843 10.6116 10.6116 2 3 1
1.98847 10.6119 10.6119 2 3 1
1.98851 10.6123 10.6123 2 3 1
1.98854 10.6126 10.6126 2 3 1
1.98858 10.6129 10.6129 2 3 1
1.98862 10.6133 10.6133 2 3 1
1.98866 10.6136 10.6136 2 3 1
1.98869 10.6139 10.6139 2 3 1
1.98873 10.6142 10.6142 2 3 1
1.98877 10.6145 10.6145 2 3 1
1.9888 10.6148 10.6148 2 3 1
1.98884 10.6151 10.6151 2 3 1
1.98887 10.6155 10.6155 2 3 1
1.98891 10.6158 10.6158 2 3 1
1.98894 10.6161 10.6161 2 3 1
1.98898 10.6164 10.6164 2 3 1
1.98901 10.6166 10.6166 2 3 1
1.98905 10.6169 10.6169 2 3 1
1.98908 10.6172 10.6172 2 3 1
1.98912 10.6175 10.6175 2 3 1
1.98915 10.6178 10.6178 2 3 1
1.98919 10.6181 10.6181 2 3 1
1.98922 10.6184 10.6184 2 3 1
1.98925 10.6186 10.6186 2 3 1
1.98929 10.6189 10.6189 2 3 1
1.98932 10.6192 10.6192 2 3 1
1.98935 10.6195 10.6195 2 3 1
1.98938 10.6197 10.6197 2 3 1
1.98942 10.62 10.62 2 3 1
1.98945 10.6202 10.6202 2 3 1
1.98948 10.6205 10.6205 2 3 1
1.98951 10.6208 10.6208 2 3 1
1.98955 10.621 10.621 2 3 1
1.98958 10.6213 10.6213 2 3 1
1.98961 10.6215 10.6215 2 3 1
1.98964 10.6218 10.6218 2 3 1
1.98967 10.622 10.622 2 3 1
1.9897 10.6223 10.6223 2 3 1
1.98973 10.6225 10.6225 2 3 1
1.98976 10.6227 10.6227 2 3 1
1.98979 10.623 10.623 2 3 1
1.98982 10.6232 10.6232 2 3 1
1.98985 10.6234 10.6234 2 3 1
1.98988 10.6237 10.6237 2 3 1
1.98991 10.6239 10.6239 2 3 1
1.98994 10.6241 10.6241 2 3 1
1.98997 10.6243 10.6243 2 3 1
1.99 10.6246 10.6246 2 3 1
1.99003 10.6248 10.6248 2 3 1
1.99006 10.625 10.625 2 3 1
1.99009 10.6252 10.6252 2 3 1
1.99011 10.6254 10.6254 2 3 1
1.99014 10.6256 10.6256 2 3 1
1.99017 10.6259 10.6259 2 3 1
1.9902 10.6261 10.6261 2 3 1
1.99023 10.6263 10.6263 2 3 1
1.99025 10.6265 10.6265 2 3 1
1.99028 10.6267 10.6267 2 3 1
1.99031 10.6269 10.6269 2 3 1
1.99034 10.6271 10.6271 2 3 1
1.99036 10.6273 10.6273 2 3 1
1.99039 10.6275 10.6275 2 3 1
1.99042 10.6277 10.6277 2 3 1
1.99044 10.6279 10.6279 2 3 1
1.99047 10.628 10.628 2 3 1
1.99049 10.6282 10.6282 2 3 1
1.99052 10.6284 10.6284 2 3 1
1.99055 10.6286 10.6286 2 3 1
1.99057 10.6288 10.6288 2 3 1
1.9906 10.629 10.629 2 3 1
1.99062 10.6291 10.6291 2 3 1
1.99065 10.6293 10.6293 2 3 1
1.99067 10.6295 10.6295 2 3 1
1.9907 10.6297 10.6297 2 3 1
1.99072 10.6298 10.6298 2 3 1
1.99075 10.63 10.63 2 3 1
1.99077 10.6302 10.6302 2 3 1
1.9908 10.6304 10.6304 2 3 1
1.99082 10.6305 10.6305 2 3 1
1.99084 10.6307 10.6307 2 3 1
1.99087 10.6309 10.6309 2 3 1
1.99089 10.631 10.631 2 3 1
1.99091 10.6312 10.6312 2 3 1
1.99094 10.6313 10.6313 2 3 1
1.99096 10.6315 10.6315 2 3 1
1.99098 10.6316 10.6316 2 3 1
1.99101 10.6318 10.6318 2 3 1
1.99103 10.632 10.632 2 3 1
1.99105 10.6321 10.6321 2 3 1
1.99108 10.6323 10.6323 2 3 1
1.9911 10.6324 10.6324 2 3 1
1.99112 10.6326 10.6326 2 3 1
1.99114 10.6327 10.6327 2 3 1
1.99116 10.6328 10.6328 2 3 1
1.99119 10.633 10.633 2 3 1
1.99121 10.6331 10.6331 2 3 1
1.99123 10.6333 10.6333 2 3 1
1.99125 10.6334 10.6334 2 3 1
1.99127 10.6336 10.6336 2 3 1
1.99129 10.6337 10.6337 2 3 1
1.99132 10.6338 10.6338 2 3 1
1.99134 10.634 10.634 2 3 1
1.99136 10.6341 10.6341 2 3 1
1.99138 10.6342 10.6342 2 3 1
1.9914 10.6344 10.6344 2 3 1
1.99142 10.6345 10.6345 2 3 1
1.99144 10.6346 10.6346 2 3 1
1.99146 10.6347 10.6347 2 3 1
1.99148 10.6349 10.6349 2 3 1
1.9915 10.635 10.635 2 3 1
1.99152 10.6351 10.6351 2 3 1
1.99154 10.6352 10.6352 2 3 1
1.99156 10.6354 10.6354 2 3 1
1.99158 10.6355 10.6355 2 3 1
1.9916 10.6356 10.6356 2 3 1
1.99162 10.6357 10.6357 2 3 1
1.99164 10.6358 10.6358 2 3 1
1.99165 10.636 10.636 2 3 1
1.99167 10.6361 10.6361 2 3 1
1.99169 10.6362 10.6362 2 3 1
1.99171 10.6363 10.6363 2 3 1
1.99173 10.6364 10.6364 2 3 1
1.99175 10.6365 10.6365 2 3 1
1.99177 10.6366 10.6366 2 3 1
1.99178 10.6367 10.6367 2 3 1
1.9918 10.6369 10.6369 2 3 1
1.99182 10.637 10.637 2 3 1
1.99184 10.6371 10.6371 2 3 1
1.99186 10.6372 10.6372 2 3 1
1.99187 10.6373 10.6373 2 3 1
1.99189 10.6374 10.6374 2 3 1
1.99191 10.6375 10.6375 2 3 1
1.99193 10.6376 10.6376 2 3 1
1.99194 10.6377 10.6377 2 3 1
1.99196 10.6378 10.6378 2 3 1
1.99198 10.6379 10.6379 2 3 1
1.99199 10.638 10.638 2 3 1
1.99201 10.6381 10.6381 2 3 1
1.99203 10.6382 10.6382 2 3 1
1.99204 10.6383 10.6383 2 3 1
1.99206 10.6384 10.6384 2 3 1
1.99208 10.6385 10.6385 2 3 1
1.99209 10.6385 10.6385 2 3 1
1.99211 10.6386 10.6386 2 3 1
1.99213 10.6387 10.6387 2 3 1
1.99214 10.6388 10.6388 2 3 1
1.99216 10.6389 10.6389 2 3 1
1.99217 10.639 10.639 2 3 1
1.99219 10.6391 10.6391 2 3 1
1.9922 10.6392 10.6392 2 3 1
1.99222 10.6393 10.6393 2 3 1
1.99224 10.6393 10.6393 2 3 1
1.99225 10.6394 10.6394 2 3 1
1.99227 10.6395 10.6395 2 3 1
1.99228 10.6396 10.6396 2 3 1
1.9923 10.6397 10.6397 2 3 1
1.99231 10.6398 10.6398 2 3 1
1.99233 10.6398 10.6398 2 3 1
1.99234 10.6399 10.6399 2 3 1
1.99236 10.64 10.64 2 3 1
1.99237 10.6401 10.6401 2 3 1
1.99238 10.6401 10.6401 2 3 1
1.9924 10.6402 10.6402 2 3 1
1.99241 10.6403 10.6403 2 3 1
1.99243 10.6404 10.6404 2 3 1
1.99244 10.6405 10.6405 2 3 1
1.99246 10.6405 10.6405 2 3 1
1.99247 10.6406 10.6406 2 3 1
1.99248 10.6407 10.6407 2 3 1
1.9925 10.6407 10.6407 2 3 1
1.99251 10.6408 10.6408 2 3 1
1.99252 10.6409 10.6409 2 3 1
1.99254 10.641 10.641 2 3 1
1.99255 10.641 10.641 2 3 1
1.99256 10.6411 10.6411 2 3 1
1.99258 10.6412 10.6412 2 3 1
1.99259 10.6412 10.6412 2 3 1
1.9926 10.6413 10.6413 2 3 1
1.99262 10.6414 10.6414 2 3 1
1.99263 10.6414 10.6414 2 3 1
1.99264 10.6415 10.6415 2 3 1
1.99266 10.6416 10.6416 2 3 1
1.99267 10.6416 10.6416 2 3 1
1.99268 10.6417 10.6417 2 3 1
1.99269 10.6417 10.6417 2 3 1
1.99271 10.6418 10.6418 2 3 1
1.99272 10.6419 10.6419 2 3 1
1.99273 10.6419 10.6419 2 3 1
1.99274 10.642 10.642 2 3 1
1.99275 10.642 10.642 2 3 1
1.99277 10.6421 10.6421 2 3 1
1.99278 10.6422 10.6422 2 3 1
1.99279 10.6422 10.6422 2 3 1
1.9928 10.6423 10.6423 2 3 1
1.99281 10.6423 10.6423 2 3 1
1.99283 10.6424 10.6424 2 3 1
1.99284 10.6424 10.6424 2 3 1
1.99285 10.6425 10.6425 2 3 1
1.99286 10.6426 10.6426 2 3 1
1.99287 10.6426 10.6426 2 3 1
1.99288 10.6427 10.6427 2 3 1
1.99289 10.6427 10.6427 2 3 1
1.99291 10.6428 10.6428 2 3 1
1.99292 10.6428 10.6428 2 3 1
1.99293 10.6429 10.6429 2 3 1
1.99294 10.6429 10.6429 2 3 1
1.99295 10.643 10.643 2 3 1
1.99296 10.643 10.643 2 3 1
1.99297 10.6431 10.6431 2 3 1
1.99298 10.6431 10.6431 2 3 1
1.99299 10.6432 10.6432 2 3 1
1.993 10.6432 10.6432 2 3 1
1.99301 10.6433 10.6433 2 3 1
1.99302 10.6433 10.6433 2 3 1
1.99303 10.6434 10.6434 2 3 1
1.99304 10.6434 10.6434 2 3 1
1.99305 10.6435 10.6435 2 3 1
1.99306 10.6435 10.6435 2 3 1
1.99307 10.6436 10.6436 2 3 1
1.99308 10.6436 10.6436 2 3 1
1.99309 10.6436 10.6436 2 3 1
1.9931 10.6437 10.6437 2 3 1
1.99311 10.6437 10.6437 2 3 1
1.99312 10.6438 10.6438 2 3 1
1.99313 10.6438 10.6438 2 3 1
1.99314 10.6439 10.6439 2 3 1
1.99315 10.6439 10.6439 2 3 1
1.99316 10.6439 10.6439 2 3 1
1.99317 10.644 10.644 2 3 1
1.99318 10.644 10.644 2 3 1
1.99319 10.6441 10.6441 2 3 1
1.9932 10.6441 10.6441 2 3 1
1.99321 10.6441 10.6441 2 3 1
1.99322 10.6442 10.6442 2 3 1
1.99323 10.6442 10.6442 2 3 1
1.99324 10.6443 10.6443 2 3 1
1.99325 10.6443 10.6443 2 3 1
1.99325 10.6443 10.6443 2 3 1
1.99326 10.6444 10.6444 2 3 1
1.99327 10.6444 10.6444 2 3 1
1.99328 10.6444 10.6444 2 3 1
1.99329 10.6445 10.6445 2 3 1
1.9933 10.6445 10.6445 2 3 1
1.99331 10.6446 10.6446 2 3 1
1.99331 10.6446 10.6446 2 3 1
1.99332 10.6446 10.6446 2 3 1
1.99333 10.6447 10.6447 2 3 1
1.99334 10.6447 10.6447 2 3 1
1.99335 10.6447 10.6447 2 3 1
1.99336 10.6448 10.6448 2 3 1
1.99336 10.6448 10.6448 2 3 1
1.99337 10.6448 10.6448 2 3 1
1.99338 10.6449 10.6449 2 3 1
1.99339 10.6449 10.6449 2 3 1
1.9934 10.6449 10.6449 2 3 1
1.9934 10.645 10.645 2 3 1
1.99341 10.645 10.645 2 3 1
1.99342 10.645 10.645 2 3 1
1.99343 10.6451 10.6451 2 3 1
1.99344 10.6451 10.6451 2 3 1
1.99344 10.6451 10.6451 2 3 1
1.99345 10.6451 10.6451 2 3 1
1.99346 10.6452 10.6452 2 3 1
1.99347 10.6452 10.6452 2 3 1
1.99347 10.6452 10.6452 2 3 1
1.99348 10.6453 10.6453 2 3 1
1.99349 10.6453 10.6453 2 3 1
1.9935 10.6453 10.6453 2 3 1
1.9935 10.6453 10.6453 2 3 1
1.99351 10.6454 10.6454 2 3 1
1.99352 10.6454 10.6454 2 3 1
1.99352 10.6454 10.6454 2 3 1
1.99353 10.6455 10.6455 2 3 1
1.99354 10.6455 10.6455 2 3 1
1.99355 10.6455 10.6455 2 3 1
1.99355 10.6455 10.6455 2 3 1
1.99356 10.6456 10.6456 2 3 1
1.99357 10.6456 10.6456 2 3 1
1.99357 10.6456 10.6456 2 3 1
1.99358 10.6456 10.6456 2 3 1
1.99359 10.6457 10.6457 2 3 1
1.99359 10.6457 10.6457 2 3 1
1.9936 10.6457 10.6457 2 3 1
1.99361 10.6457 10.6457 2 3 1
1.99361 10.6458 10.6458 2 3 1
1.99362 10.6458 10.6458 2 3 1
1.99363 10.6458 10.6458 2 3 1
1.99363 10.6458 10.6458 2 3 1
1.99364 10.6459 10.6459 2 3 1
1.99364 10.6459 10.6459 2 3 1
1.99365 10.6459 10.6459 2 3 1
1.99366 10.6459 10.6459 2 3 1
1.99366 10.6459 10.6459 2 3 1
1.99367 10.646 10.646 2 3 1
1.99368 10.646 10.646 2 3 1
1.99368 10.646 10.646 2 3 1
1.99369 10.646 10.646 2 3 1
1.99369 10.6461 10.6461 2 3 1
1.9937 10.6461 10.6461 2 3 1
1.9937 10.6461 10.6461 2 3 1
1.99371 10.6461 10.6461 2 3 1
1.99372 10.6461 10.6461 2 3 1
1.99372 10.6462 10.6462 2 3 1
1.99373 10.6462 10.6462 2 3 1
1.99373 10.6462 10.6462 2 3 1
1.99374 10.6462 10.6462 2 3 1
1.99374 10.6462 10.6462 2 3 1
1.99375 10.6463 10.6463 2 3 1
1.99376 10.6463 10.6463 2 3 1
1.99376 10.6463 10.6463 2 3 1
1.99377 10.6463 10.6463 2 3 1
1.99377 10.6463 10.6463 2 3 1
1.99378 10.6463 10.6463 2 3 1
1.99378 10.6464 10.6464 2 3 1
1.99379 10.6464 10.6464 2 3 1
1.99379 10.6464 10.6464 2 3 1
1.9938 10.6464 10.6464 2 3 1
1.9938 10.6464 10.6464 2 3 1
1.99381 10.6464 10.6464 2 3 1
1.99381 10.6465 10.6465 2 3 1
1.99382 10.6465 10.6465 2 3 1
1.99382 10.6465 10.6465 2 3 1
1.99383 10.6465 10.6465 2 3 1
1.99383 10.6465 10.6465 2 3 1
1.99384 10.6465 10.6465 2 3 1
1.99384 10.6466 10.6466 2 3 1
1.99385 10.6466 10.6466 2 3 1
1.99385 10.6466 10.6466 2 3 1
1.99386 10.6466 10.6466 2 3 1
1.99386 10.6466 10.6466 2 3 1
1.99387 10.6466 10.6466 2 3 1
1.99387 10.6467 10.6467 2 3 1
1.99388 10.6467 10.6467 2 3 1
1.99388 10.6467 10.6467 2 3 1
1.99389 10.6467 10.6467 2 3 1
1.99389 10.6467 10.6467 2 3 1
1.99389 10.6467 10.6467 2 3 1
1.9939 10.6467 10.6467 2 3 1
1.9939 10.6468 10.6468 2 3 1
1.99391 10.6468 10.6468 2 3 1
1.99391 10.6468 10.6468 2 3 1
1.99392 10.6468 10.6468 2 3 1
1.99392 10.6468 10.6468 2 3 1
1.99392 10.6468 10.6468 2 3 1
1.99393 10.6468 10.6468 2 3 1
1.99393 10.6468 10.6468 2 3 1
1.99394 10.6469 10.6469 2 3 1
1.99394 10.6469 10.6469 2 3 1
1.99395 10.6469 10.6469 2 3 1
1.99395 10.6469 10.6469 2 3 1
1.99395 10.6469 10.6469 2 3 1
1.99396 10.6469 10.6469 2 3 1
1.99396 10.6469 10.6469 2 3 1
1.99397 10.6469 10.6469 2 3 1
1.99397 10.647 10.647 2 3 1
1.99397 10.647 10.647 2 3 1
1.99398 10.647 10.647 2 3 1
1.99398 10.647 10.647 2 3 1
1.99398 10.647 10.647 2 3 1
1.99399 10.647 10.647 2 3 1
1.99399 10.647 10.647 2 3 1
1.994 10.647 10.647 2 3 1
1.994 10.647 10.647 2 3 1
1.994 10.647 10.647 2 3 1
1.99401 10.6471 10.6471 2 3 1
1.99401 10.6471 10.6471 2 3 1
1.99401 10.6471 10.6471 2 3 1
1.99402 10.6471 10.6471 2 3 1
1.99402 10.6471 10.6471 2 3 1
1.99402 10.6471 10.6471 2 3 1
1.99403 10.6471 10.6471 2 3 1
1.99403 10.6471 10.6471 2 3 1
1.99403 10.6471 10.6471 2 3 1
1.99404 10.6471 10.6471 2 3 1
1.99404 10.6472 10.6472 2 3 1
1.99404 10.6472 10.6472 2 3 1
1.99405 10.6472 10.6472 2 3 1
1.99405 10.6472 10.6472 2 3 1
1.99405 10.6472 10.6472 2 3 1
1.99405 10.6472 10.6472 2 3 1
1.99406 10.6472 10.6472 2 3 1
1.99406 10.6472 10.6472 2 3 1
1.99406 10.6472 10.6472 2 3 1
1.99407 10.6472 10.6472 2 3 1
1.99407 10.6472 10.6472 2 3 1
1.99407 10.6472 10.6472 2 3 1
1.99407 10.6473 10.6473 2 3 1
1.99408 10.6473 10.6473 2 3 1
1.99408 10.6473 10.6473 2 3 1
1.99408 10.6473 10.6473 2 3 1
1.99409 10.6473 10.6473 2 3 1
1.99409 10.6473 10.6473 2 3 1
1.99409 10.6473 10.6473 2 3 1
1.99409 10.6473 10.6473 2 3 1
1.9941 10.6473 10.6473 2 3 1
1.9941 10.6473 10.6473 2 3 1
1.9941 10.6473 10.6473 2 3 1
1.9941 10.6473 10.6473 2 3 1
1.99411 10.6473 10.6473 2 3 1
1.99411 10.6473 10.6473 2 3 1
1.99411 10.6473 10.6473 2 3 1
1.99411 10.6473 10.6473 2 3 1
1.99411 10.6474 10.6474 2 3 1
1.99412 10.6474 10.6474 2 3 1
1.99412 10.6474 10.6474 2 3 1
1.99412 10.6474 10.6474 2 3 1
1.99412 10.6474 10.6474 2 3 1
1.99413 10.6474 10.6474 2 3 1
1.99413 10.6474 10.6474 2 3 1
1.99413 10.6474 10.6474 2 3 1
1.99413 10.6474 10.6474 2 3 1
1.99413 10.6474 10.6474 2 3 1
1.99413 10.6474 10.6474 2 3 1
1.99414 10.6474 10.6474 2 3 1
1.99414 10.6474 10.6474 2 3 1
1.99414 10.6474 10.6474 2 3 1
1.99414 10.6474 10.6474 2 3 1
1.99414 10.6474 10.6474 2 3 1
1.99415 10.6474 10.6474 2 3 1
1.99415 10.6474 10.6474 2 3 1
1.99415 10.6474 10.6474 2 3 1
1.99415 10.6474 10.6474 2 3 1
1.99415 10.6474 10.6474 2 3 1
1.99415 10.6475 10.6475 2 3 1
1.99415 10.6475 10.6475 2 3 1
1.99416 10.6475 10.6475 2 3 1
1.99416 10.6475 10.6475 2 3 1
1.99416 10.6475 10.6475 2 3 1
1.99416 10.6475 10.6475 2 3 1
1.99416 10.6475 10.6475 2 3 1
1.99416 10.6475 10.6475 2 3 1
1.99416 10.6475 10.6475 2 3 1
1.99416 10.6475 10.6475 2 3 1
1.99417 10.6475 10.6475 2 3 1
1.99417 10.6475 10.6475 2 3 1
1.99417 10.6475 10.6475 2 3 1
1.99417 10.6475 10.6475 2 3 1
1.99417 10.6475 10.6475 2 3 1
1.99417 10.6475 10.6475 2 3 1
1.99417 10.6475 10.6475 2 3 1
1.99417 10.6475 10.6475 2 3 1
1.99417 10.6475 10.6475 2 3 1
1.99417 10.6475 10.6475 2 3 1
1.99417 10.6475 10.6475 2 3 1
1.99417 10.6475 10.6475 2 3 1
1.99417 10.6475 10.6475 2 3 1
1.99417 10.6475 10.6475 2 3 1
1.99418 10.6475 10.6475 2 3 1
1.99418 10.6475 10.6475 2 3 1
1.99418 10.6475 10.6475 2 3 1
1.99418 10.6475 10.6475 2 3 1
1.99418 10.6475 10.6475 2 3 1
1.99418 10.6475 10.6475 2 3 1
1.99418 10.6475 10.6475 2 3 1
1.99418 10.6475 10.6475 2 3 1
1.99418 10.6475 10.6475 2 3 1
1.99418 10.6475 10.6475 2 3 1
1.99418 10.6475 10.6475 2 3 1
1.99418 10.6475 10.6475 2 3 1
1.99418 10.6475 10.6475 2 3 1
1.99418 10.6475 10.6475 2 3 1
1.99418 10.6475 10.6475 2 3 1
1.99417 10.6475 10.6475 2 3 1
1.99417 10.6475 10.6475 2 3 1
1.99417 10.6475 10.6475 2 3 1
1.99417 10.6475 10.6475 2 3 1
1.99417 10.6475 10.6475 2 3 1
1.99417 10.6475 10.6475 2 3 1
1.99417 10.6475 10.6475 2 3 1
1.99417 10.6475 10.6475 2 3 1
1.99417 10.6475 10.6475 2 3 1
1.99417 10.6475 10.6475 2 3 1
1.99417 10.6475 10.6475 2 3 1
1.99417 10.6475 10.6475 2 3 1
1.99417 10.6475 10.6475 2 3 1
1.99416 10.6475 10.6475 2 3 1
1.99416 10.6475 10.6475 2 3 1
1.99416 10.6475 10.6475 2 3 1
1.99416 10.6475 10.6475 2 3 1
1.99416 10.6475 10.6475 2 3 1
1.99416 10.6475 10.6475 2 3 1
1.99415 10.6475 10.6475 2 3 1
1.99415 10.6475 10.6475 2 3 1
1.99415 10.6475 10.6475 2 3 1
1.99415 10.6474 10.6474 2 3 1
1.99415 10.6474 10.6474 2 3 1
1.99415 10.6474 10.6474 2 3 1
1.99414 10.6474 10.6474 2 3 1
1.99414 10.6474 10.6474 2 3 1
1.99414 10.6474 10.6474 2 3 1
1.99414 10.6474 10.6474 2 3 1
1.99413 10.6474 10.6474 2 3 1
1.99413 10.6474 10.6474 2 3 1
1.99413 10.6474 10.6474 2 3 1
1.99413 10.6474 10.6474 2 3 1
1.99412 10.6474 10.6474 2 3 1
1.99412 10.6474 10.6474 2 3 1
1.99412 10.6474 10.6474 2 3 1
1.99411 10.6474 10.6474 2 3 1
1.99411 10.6474 10.6474 2 3 1
1.99411 10.6474 10.6474 2 3 1
1.9941 10.6474 10.6474 2 3 1
1.9941 10.6474 10.6474 2 3 1
1.9941 10.6474 10.6474 2 3 1
1.99409 10.6473 10.6473 2 3 1
1.99409 10.6473 10.6473 2 3 1
1.99408 10.6473 10.6473 2 3 1
1.99408 10.6473 10.6473 2 3 1
1.99408 10.6473 10.6473 2 3 1
1.99407 10.6473 10.6473 2 3 1
1.99407 10.6473 10.6473 2 3 1
1.99406 10.6473 10.6473 2 3 1
1.99406 10.6473 10.6473 2 3 1
1.99405 10.6473 10.6473 2 3 1
1.99405 10.6473 10.6473 2 3 1
1.99404 10.6473 10.6473 2 3 1
1.99404 10.6472 10.6472 2 3 1
1.99403 10.6472 10.6472 2 3 1
1.99403 10.6472 10.6472 2 3 1
1.99402 10.6472 10.6472 2 3 1
1.99401 10.6472 10.6472 2 3 1
1.99401 10.6472 10.6472 2 3 1
1.994 10.6472 10.6472 2 3 1
1.994 10.6472 10.6472 2 3 1
1.99399 10.6472 10.6472 2 3 1
1.99398 10.6472 10.6472 2 3 1
1.99398 10.6471 10.6471 2 3 1
1.99397 10.6471 10.6471 2 3 1
1.99396 10.6471 10.6471 2 3 1
1.99395 10.6471 10.6471 2 3 1
1.99395 10.6471 10.6471 2 3 1
1.99394 10.6471 10.6471 2 3 1
1.99393 10.6471 10.6471 2 3 1
1.99392 10.6471 10.6471 2 3 1
1.99392 10.647 10.647 2 3 1
1.99391 10.647 10.647 2 3 1
1.9939 10.647 10.647 2 3 1
1.99389 10.647 10.647 2 3 1
1.99388 10.647 10.647 2 3 1
1.99387 10.647 10.647 2 3 1
1.99386 10.647 10.647 2 3 1
1.99385 10.647 10.647 2 3 1
1.99384 10.6469 10.6469 2 3 1
1.99383 10.6469 10.6469 2 3 1
1.99382 10.6469 10.6469 2 3 1
1.99381 10.6469 10.6469 2 3 1
1.9938 10.6469 10.6469 2 3 1
1.99379 10.6469 10.6469 2 3 1
1.99378 10.6468 10.6468 2 3 1
1.99377 10.6468 10.6468 2 3 1
1.99376 10.6468 10.6468 2 3 1
1.99375 10.6468 10.6468 2 3 1
1.99373 10.6468 10.6468 2 3 1
1.99372 10.6468 10.6468 2 3 1
1.99371 10.6467 10.6467 2 3 1
1.9937 10.6467 10.6467 2 3 1
1.99368 10.6467 10.6467 2 3 1
1.99367 10.6467 10.6467 2 3 1
1.99366 10.6467 10.6467 2 3 1
1.99364 10.6466 10.6466 2 3 1
1.99363 10.6466 10.6466 2 3 1
1.99362 10.6466 10.6466 2 3 1
1.9936 10.6466 10.6466 2 3 1
1.99359 10.6466 10.6466 2 3 1
1.99357 10.6465 10.6465 2 3 1
1.99355 10.6465 10.6465 2 3 1
1.99354 10.6465 10.6465 2 3 1
1.99352 10.6465 10.6465 2 3 1
1.99351 10.6464 10.6464 2 3 1
1.99349 10.6464 10.6464 2 3 1
1.99347 10.6464 10.6464 2 3 1
1.99345 10.6464 10.6464 2 3 1
1.99344 10.6463 10.6463 2 3 1
1.99342 10.6463 10.6463 2 3 1
1.9934 10.6463 10.6463 2 3 1
1.99338 10.6463 10.6463 2 3 1
1.99336 10.6462 10.6462 2 3 1
1.99334 10.6462 10.6462 2 3 1
1.99332 10.6462 10.6462 2 3 1
1.9933 10.6462 10.6462 2 3 1
1.99328 10.6461 10.6461 2 3 1
1.99326 10.6461 10.6461 2 3 1
1.99323 10.6461 10.6461 2 3 1
1.99321 10.646 10.646 2 3 1
1.99319 10.646 10.646 2 3 1
1.99317 10.646 10.646 2 3 1
1.99314 10.646 10.646 2 3 1
1.99312 10.6459 10.6459 2 3 1
1.99309 10.6459 10.6459 2 3 1
1.99307 10.6459 10.6459 2 3 1
1.99304 10.6458 10.6458 2 3 1
1.99302 10.6458 10.6458 2 3 1
1.99299 10.6458 10.6458 2 3 1
1.99296 10.6457 10.6457 2 3 1
1.99293 10.6457 10.6457 2 3 1
1.99291 10.6457 10.6457 2 3 1
1.99288 10.6456 10.6456 2 3 1
1.99285 10.6456 10.6456 2 3 1
1.99282 10.6456 10.6456 2 3 1
1.99279 10.6455 10.6455 2 3 1
1.99275 10.6455 10.6455 2 3 1
1.99272 10.6454 10.6454 2 3 1
1.99269 10.6454 10.6454 2 3 1
1.99266 10.6454 10.6454 2 3 1
1.99262 10.6453 10.6453 2 3 1
1.99259 10.6453 10.6453 2 3 1
1.99255 10.6452 10.6452 2 3 1
1.99252 10.6452 10.6452 2 3 1
1.99248 10.6452 10.6452 2 3 1
1.99245 10.6451 10.6451 2 3 1
1.99241 10.6451 10.6451 2 3 1
1.99237 10.645 10.645 2 3 1
1.99233 10.645 10.645 2 3 1
1.99229 10.6449 10.6449 2 3 1
1.99225 10.6449 10.6449 2 3 1
1.99221 10.6448 10.6448 2 3 1
1.99216 10.6448 10.6448 2 3 1
1.99212 10.6447 10.6447 2 3 1
1.99208 10.6447 10.6447 2 3 1
1.99203 10.6446 10.6446 2 3 1
1.99199 10.6446 10.6446 2 3 1
1.99194 10.6445 10.6445 2 3 1
1.99189 10.6445 10.6445 2 3 1
1.99184 10.6444 10.6444 2 3 1
1.99179 10.6444 10.6444 2 3 1
1.99174 10.6443 10.6443 2 3 1
1.99169 10.6443 10.6443 2 3 1
1.99164 10.6442 10.6442 2 3 1
1.99159 10.6442 10.6442 2 3 1
1.99153 10.6441 10.6441 2 3 1
1.99148 10.6441 10.6441 2 3 1
1.99142 10.644 10.644 2 3 1
1.99136 10.6439 10.6439 2 3 1
1.9913 10.6439 10.6439 2 3 1
1.99124 10.6438 10.6438 2 3 1
1.99118 10.6437 10.6437 2 3 1
1.99112 10.6437 10.6437 2 3 1
1.99106 10.6436 10.6436 2 3 1
1.99099 10.6436 10.6436 2 3 1
1.99093 10.6435 10.6435 2 3 1
1.99086 10.6434 10.6434 2 3 1
1.99079 10.6434 10.6434 2 3 1
1.99072 10.6433 10.6433 2 3 1
1.99065 10.6432 10.6432 2 3 1
1.99058 10.6431 10.6431 2 3 1
1.99051 10.6431 10.6431 2 3 1
1.99043 10.643 10.643 2 3 1
1.99035 10.6429 10.6429 2 3 1
1.99028 10.6429 10.6429 2 3 1
1.9902 10.6428 10.6428 2 3 1
1.99012 10.6427 10.6427 2 3 1
1.99003 10.6426 10.6426 2 3 1
1.98995 10.6425 10.6425 2 3 1
1.98986 10.6425 10.6425 2 3 1
1.98978 10.6424 10.6424 2 3 1
1.98969 10.6423 10.6423 2 3 1
1.9896 10.6422 10.6422 2 3 1
1.9895 10.6421 10.6421 2 3 1
1.98941 10.642 10.642 2 3 1
1.98931 10.642 10.642 2 3 1
1.98922 10.6419 10.6419 2 3 1
1.98912 10.6418 10.6418 2 3 1
1.98901 10.6417 10.6417 2 3 1
1.98891 10.6416 10.6416 2 3 1
1.9888 10.6415 10.6415 2 3 1
1.9887 10.6414 10.6414 2 3 1
1.98859 10.6413 10.6413 2 3 1
1.98847 10.6412 10.6412 2 3 1
1.98836 10.6411 10.6411 2 3 1
1.98824 10.641 10.641 2 3 1
1.98813 10.6409 10.6409 2 3 1
1.988 10.6408 10.6408 2 3 1
1.98788 10.6407 10.6407 2 3 1
1.98776 10.6406 10.6406 2 3 1
1.98763 10.6405 10.6405 2 3 1
1.9875 10.6404 10.6404 2 3 1
1.98736 10.6403 10.6403 2 3 1
1.98723 10.6402 10.6402 2 3 1
1.98709 10.6401 10.6401 2 3 1
1.98695 10.64 10.64 2 3 1
1.9868 10.6398 10.6398 2 3 1
1.98666 10.6397 10.6397 2 3 1
1.98651 10.6396 10.6396 2 3 1
1.98636 10.6395 10.6395 2 3 1
1.9862 10.6394 10.6394 2 3 1
1.98604 10.6392 10.6392 2 3 1
1.98588 10.6391 10.6391 2 3 1
1.98572 10.639 10.639 2 3 1
1.98555 10.6389 10.6389 2 3 1
1.98538 10.6387 10.6387 2 3 1
1.9852 10.6386 10.6386 2 3 1
1.98503 10.6385 10.6385 2 3 1
1.98484 10.6383 10.6383 2 3 1
1.98466 10.6382 10.6382 2 3 1
1.98447 10.6381 10.6381 2 3 1
1.98428 10.6379 10.6379 2 3 1
1.98408 10.6378 10.6378 2 3 1
1.98388 10.6376 10.6376 2 3 1
1.98368 10.6375 10.6375 2 3 1
1.98347 10.6373 10.6373 2 3 1
1.98326 10.6372 10.6372 2 3 1
1.98304 10.637 10.637 2 3 1
1.98282 10.6369 10.6369 2 3 1
1.9826 10.6367 10.6367 2 3 1
1.98237 10.6366 10.6366 2 3 1
1.98213 10.6364 10.6364 2 3 1
1.98189 10.6362 10.6362 2 3 1
1.98165 10.6361 10.6361 2 3 1
1.9814 10.6359 10.6359 2 3 1
1.98115 10.6357 10.6357 2 3 1
1.98089 10.6356 10.6356 2 3 1
1.98062 10.6354 10.6354 2 3 1
1.98035 10.6352 10.6352 2 3 1
1.98008 10.635 10.635 2 3 1
1.9798 10.6349 10.6349 2 3 1
1.97951 10.6347 10.6347 2 3 1
1.97922 10.6345 10.6345 2 3 1
1.97892 10.6343 10.6343 2 3 1
1.97862 10.6341 10.6341 2 3 1
1.97831 10.6339 10.6339 2 3 1
1.97799 10.6337 10.6337 2 3 1
1.97767 10.6335 10.6335 2 3 1
1.97734 10.6333 10.6333 2 3 1
1.977 10.6331 10.6331 2 3 1
1.97665 10.6329 10.6329 2 3 1
1.9763 10.6327 10.6327 2 3 1
1.97594 10.6325 10.6325 2 3 1
1.97558 10.6323 10.6323 2 3 1
1.9752 10.6321 10.6321 2 3 1
1.97482 10.6319 10.6319 2 3 1
1.97443 10.6316 10.6316 2 3 1
1.97403 10.6314 10.6314 2 3 1
1.97362 10.6312 10.6312 2 3 1
1.97321 10.6309 10.6309 2 3 1
1.97278 10.6307 10.6307 2 3 1
1.97235 10.6305 10.6305 2 3 1
1.9719 10.6302 10.6302 2 3 1
1.97145 10.63 10.63 2 3 1
1.97099 10.6297 10.6297 2 3 1
1.97051 10.6295 10.6295 2 3 1
1.97003 10.6292 10.6292 2 3 1
1.96953 10.629 10.629 2 3 1
1.96903 10.6287 10.6287 2 3 1
1.96851 10.6284 10.6284 2 3 1
1.96798 10.6282 10.6282 2 3 1
1.96744 10.6279 10.6279 2 3 1
1.96689 10.6276 10.6276 2 3 1
1.96632 10.6273 10.6273 2 3 1
1.96574 10.627 10.627 2 3 1
1.96515 10.6267 10.6267 2 3 1
1.96455 10.6265 10.6265 2 3 1
1.96393 10.6262 10.6262 2 3 1
1.96329 10.6258 10.6258 2 3 1
1.96264 10.6255 10.6255 2 3 1
1.96198 10.6252 10.6252 2 3 1
1.9613 10.6249 10.6249 2 3 1
1.9606 10.6246 10.6246 2 3 1
1.95989 10.6243 10.6243 2 3 1
1.95916 10.6239 10.6239 2 3 1
1.95841 10.6236 10.6236 2 3 1
1.95765 10.6233 10.6233 2 3 1
1.95686 10.6229 10.6229 2 3 1
1.95606 10.6226 10.6226 2 3 1
1.95523 10.6222 10.6222 2 3 1
1.95439 10.6218 10.6218 2 3 1
1.95352 10.6215 10.6215 2 3 1
1.95264 10.6211 10.6211 2 3 1
1.95173 10.6207 10.6207 2 3 1
1.95079 10.6203 10.6203 2 3 1
1.94984 10.62 10.62 2 3 1
1.94885 10.6196 10.6196 2 3 1
1.94784 10.6192 10.6192 2 3 1
1.94681 10.6188 10.6188 2 3 1
1.94575 10.6183 10.6183 2 3 1
1.94466 10.6179 10.6179 2 3 1
1.94354 10.6175 10.6175 2 3 1
1.94239 10.6171 10.6171 2 3 1
1.94121 10.6166 10.6166 2 3 1
1.93999 10.6162 10.6162 2 3 1
1.93875 10.6157 10.6157 2 3 1
1.93746 10.6152 10.6152 2 3 1
1.93614 10.6148 10.6148 2 3 1
1.93479 10.6143 10.6143 2 3 1
1.93339 10.6138 10.6138 2 3 1
1.93196 10.6133 10.6133 2 3 1
1.93048 10.6128 10.6128 2 3 1
1.92897 10.6123 10.6123 2 3 1
1.9274 10.6118 10.6118 2 3 1
1.92579 10.6112 10.6112 2 3 1
1.92413 10.6107 10.6107 2 3 1
1.92242 10.6101 10.6101 2 3 1
1.92066 10.6096 10.6096 2 3 1
1.91884 10.609 10.609 2 3 1
1.91697 10.6084 10.6084 2 3 1
1.91504 10.6078 10.6078 2 3 1
1.91304 10.6072 10.6072 2 3 1
1.91099 10.6066 10.6066 2 3 1
1.90886 10.606 10.606 2 3 1
1.90667 10.6054 10.6054 2 3 1
1.90441 10.6047 10.6047 2 3 1
1.90207 10.604 10.604 2 3 1
1.89965 10.6034 10.6034 2 3 1
1.89715 10.6027 10.6027 2 3 1
1.89456 10.602 10.602 2 3 1
1.89189 10.6013 10.6013 2 3 1
1.88912 10.6005 10.6005 2 3 1
1.88625 10.5998 10.5998 2 3 1
1.88328 10.599 10.599 2 3 1
1.88021 10.5983 10.5983 2 3 1
1.87702 10.5975 10.5975 2 3 1
1.87372 10.5967 10.5967 2 3 1
1.87029 10.5958 10.5958 2 3 1
1.86673 10.595 10.595 2 3 1
1.86304 10.5941 10.5941 2 3 1
1.8592 10.5932 10.5932 2 3 1
1.85522 10.5924 10.5924 2 3 1
1.85108 10.5914 10.5914 2 3 1
1.84677 10.5905 10.5905 2 3 1
1.84229 10.5895 10.5895 2 3 1
1.83763 10.5886 10.5886 2 3 1
1.83278 10.5876 10.5876 2 3 1
1.82773 10.5865 10.5865 2 3 1
1.82246 10.5855 10.5855 2 3 1
1.81696 10.5844 10.5844 2 3 1
1.81124 10.5833 10.5833 2 3 1
1.80525 10.5822 10.5822 2 3 1
1.79901 10.581 10.581 2 3 1
1.7922 10.5798 10.5798 2 3 1
1.78536 10.5786 10.5786 2 3 1
1.77821 10.5774 10.5774 2 3 1
1.77073 10.5761 10.5761 2 3 1
1.76289 10.5748 10.5748 2 3 1
1.75468 10.5734 10.5734 2 3 1
1.74608 10.5721 10.5721 2 3 1
1.73706 10.5707 10.5707 2 3 1
1.72758 10.5692 10.5692 2 3 1
1.71764 10.5678 10.5678 2 3 1
1.7072 10.5662 10.5662 2 3 1
1.69622 10.5647 10.5647 2 3 1
1.68467 10.5631 10.5631 2 3 1
1.67253 10.5615 10.5615 2 3 1
1.65975 10.5598 10.5598 2 3 1
1.64629 10.5581 10.5581 2 3 1
1.63213 10.5563 10.5563 2 3 1
1.61719 10.5545 10.5545 2 3 1
1.60145 10.5526 10.5526 2 3 1
1.58488 10.5507 10.5507 2 3 1
1.56739 10.5488 10.5488 2 3 1
1.54898 10.5468 10.5468 2 3 1
1.52957 10.5447 10.5447 2 3 1
1.50913 10.5427 10.5427 2 3 1
1.48761 10.5405 10.5405 2 3 1
1.46497 10.5384 10.5384 2 3 1
1.4412 10.5362 10.5362 2 3 1
1.4162 10.5339 10.5339 2 3 1
1.39003 10.5316 10.5316 2 3 1
1.36259 10.5293 10.5293 2 3 1
1.33391 10.527 10.527 2 3 1
1.304 10.5246 10.5246 2 3 1
1.27284 10.5223 10.5223 2 3 1
1.24047 10.5199 10.5199 2 3 1
1.20692 10.5175 10.5175 2 3 1
1.17219 10.5151 10.5151 2 3 1
1.13637 10.5127 10.5127 2 3 1
1.0995 10.5103 10.5103 2 3 1
1.06161 10.5079 10.5079 2 3 1
1.02278 10.5056 10.5056 2 3 1
0.983072 10.5032 10.5032 2 3 1
0.942545 10.5009 10.5009 2 3 1
0.901261 10.4986 10.4986 2 3 1
0.859272 10.4964 10.4964 2 3 1
0.81665 10.4942 10.4942 2 3 1
0.773437 10.492 10.492 2 3 1
0.729689 10.4898 10.4898 2 3 1
0.685451 10.4877 10.4877 2 3 1
0.64077 10.4857 10.4857 2 3 1
0.595683 10.4836 10.4836 2 3 1
0.550228 10.4816 10.4816 2 3 1
0.50444 10.4796 10.4796 2 3 1
0.458345 10.4777 10.4777 2 3 1
0.411975 10.4758 10.4758 2 3 1
0.365352 10.474 10.474 2 3 1
0.3185 10.4721 10.4721 2 3 1
0.271436 10.4704 10.4704 2 3 1
0.224183 10.4686 10.4686 2 3 1
0.176753 10.4669 10.4669 2 3 1
0.129163 10.4652 10.4652 2 3 1
0.0814254 10.4635 10.4635 2 3 1
0.0335531 10.4619 10.4619 2 3 1
-0.0144438 10.4603 10.4603 2 3 1
-0.0625559 10.4587 10.4587 2 3 1
-0.110666 10.4572 10.4572 2 3 1
